r1_l: [0, 192, 1, 2, 3, 5, 7, 199, 8, 136, 73, 201, 11, 75, 141, 205, 81, 22, 24, 89, 92, 161, 100, 37, 39, 49, 118, 57, 121, 189, 191]
r1_r: [130, 131, 134, 16, 146, 147, 148, 150, 151, 152, 156, 157, 159, 165, 168, 169, 171, 173, 176, 50, 178, 54, 182, 183, 59, 187, 61, 65, 66, 195, 68, 197, 200, 202, 76, 204, 77, 80, 211, 214, 216, 93, 94, 99, 101, 102, 104, 110, 113, 120, 122, 124, 125]
r2_l: [65, 66, 131, 195, 68, 197, 134, 200, 202, 204, 77, 16, 80, 146, 147, 211, 148, 150, 214, 151, 152, 216, 156, 93, 157, 159, 99, 165, 102, 104, 168, 169, 171, 173, 110, 176, 113, 50, 178, 54, 182, 183, 120, 122, 59, 187, 124, 61]
r2_r: [0, 192, 1, 2, 5, 199, 8, 136, 73, 137, 201, 10, 11, 75, 12, 141, 78, 22, 89, 28, 92, 161, 100, 37, 39, 45, 47, 49, 115, 118, 57, 121, 60, 189, 126, 191]
r3_l: [0, 1, 2, 4, 5, 6, 135, 8, 136, 137, 10, 138, 11, 12, 141, 17, 145, 22, 25, 27, 155, 28, 158, 161, 35, 37, 39, 40, 42, 43, 44, 45, 47, 48, 49, 179, 56, 57, 58, 189, 191, 194, 199, 72, 73, 75, 78, 215, 89, 92, 95, 100, 112, 115, 117, 118, 121, 126]
r3_r: [65, 66, 131, 195, 68, 197, 134, 200, 202, 204, 77, 16, 80, 146, 147, 211, 148, 150, 214, 151, 152, 216, 156, 93, 157, 159, 99, 165, 102, 104, 168, 169, 171, 173, 110, 176, 113, 50, 178, 54, 182, 183, 120, 122, 59, 187, 124, 61]
r4_l: [0, 1, 2, 3, 4, 132, 5, 133, 6, 7, 135, 8, 136, 137, 10, 138, 11, 12, 13, 141, 14, 17, 145, 18, 21, 22, 23, 24, 25, 154, 27, 155, 28, 30, 158, 31, 160, 161, 35, 163, 37, 38, 39, 40, 42, 43, 44, 45, 174, 47, 48, 49, 179, 55, 56, 184, 57, 58, 186, 60, 189, 63, 191, 192, 194, 199, 72, 73, 201, 75, 203, 205, 78, 79, 207, 208, 81, 212, 215, 89, 92, 95, 100, 106, 109, 111, 112, 114, 115, 117, 118, 121, 123, 126, 127]
r4_r: [66, 131, 195, 68, 197, 134, 200, 202, 204, 77, 80, 146, 147, 211, 148, 150, 214, 151, 152, 216, 156, 93, 157, 159, 99, 165, 102, 104, 169, 171, 173, 110, 176, 113, 50, 178, 54, 182, 183, 120, 122, 59, 187, 124, 61]
r5_l: [9, 15, 19, 147, 148, 149, 150, 151, 152, 153, 26, 156, 157, 36, 165, 41, 169, 170, 171, 173, 176, 177, 50, 178, 52, 180, 53, 181, 54, 183, 185, 59, 188, 64, 66, 195, 68, 196, 69, 198, 200, 202, 204, 77, 209, 82, 83, 84, 86, 214, 87, 216, 90, 93, 99, 101, 102, 104, 107, 113, 119, 120, 122, 124]
r5_r: [0, 192, 1, 2, 5, 199, 8, 136, 73, 137, 201, 10, 11, 75, 12, 141, 78, 22, 89, 28, 92, 161, 100, 37, 39, 45, 47, 49, 115, 118, 57, 121, 60, 189, 126, 191]
