r1_l: [0, 67, 4, 6, 7, 8, 136, 10, 11, 13, 14, 15, 16, 18, 19, 21, 87, 26, 28, 156, 32, 35, 37, 42, 107, 109, 53, 121, 123, 60]
r1_r: [1, 129, 2, 130, 132, 133, 134, 135, 137, 138, 140, 141, 142, 144, 145, 147, 20, 150, 151, 25, 153, 27, 157, 158, 159, 160, 33, 161, 164, 165, 38, 167, 40, 168, 43, 171, 172, 46, 174, 47, 175, 48, 176, 49, 177, 50, 178, 51, 52, 181, 54, 55, 56, 57, 58, 59, 61, 64, 66, 68, 69, 70, 71, 73, 74, 76, 77, 80, 82, 84, 88, 89, 92, 93, 98, 99, 100, 101, 102, 103, 104, 106, 110, 111, 113, 116, 117, 118, 120, 122, 124, 126, 127]
r2_l: [0, 128, 4, 5, 6, 7, 8, 136, 9, 10, 11, 12, 13, 14, 15, 16, 17, 18, 146, 19, 21, 149, 22, 152, 26, 154, 28, 156, 30, 31, 32, 34, 35, 36, 37, 41, 42, 170, 44, 179, 53, 60, 65, 67, 72, 75, 81, 83, 87, 90, 91, 94, 107, 108, 109, 112, 114, 119, 121, 123, 125]
r2_r: [1, 129, 2, 130, 132, 133, 134, 135, 137, 138, 140, 141, 142, 144, 145, 147, 20, 150, 151, 25, 153, 27, 157, 158, 159, 160, 33, 161, 164, 165, 38, 167, 40, 168, 43, 171, 172, 46, 174, 47, 175, 48, 176, 49, 177, 50, 178, 51, 52, 181, 54, 55, 56, 57, 58, 59, 61, 64, 66, 68, 69, 70, 71, 73, 74, 76, 77, 80, 82, 84, 88, 89, 92, 93, 98, 99, 100, 101, 102, 103, 104, 106, 110, 111, 113, 116, 117, 118, 120, 122, 124, 126, 127]
r3_l: [0, 128, 3, 4, 5, 6, 7, 8, 136, 9, 10, 11, 139, 12, 13, 14, 15, 143, 16, 17, 18, 146, 19, 148, 21, 149, 22, 23, 24, 152, 26, 154, 155, 28, 156, 29, 30, 31, 32, 34, 162, 35, 163, 36, 37, 166, 39, 41, 169, 42, 170, 44, 172, 173, 176, 49, 179, 180, 53, 182, 183, 60, 63, 65, 67, 72, 75, 78, 79, 81, 83, 85, 86, 87, 90, 91, 94, 95, 96, 97, 105, 107, 108, 109, 112, 114, 115, 119, 121, 123, 125]
r3_r: [1, 129, 2, 130, 131, 132, 133, 134, 135, 137, 138, 140, 141, 142, 144, 145, 147, 20, 150, 151, 25, 153, 27, 157, 158, 159, 160, 33, 161, 164, 165, 38, 167, 40, 168, 43, 171, 172, 45, 46, 174, 47, 175, 48, 176, 49, 177, 50, 178, 51, 52, 181, 54, 55, 56, 57, 58, 59, 61, 62, 64, 66, 68, 69, 70, 71, 73, 74, 76, 77, 80, 82, 84, 88, 89, 92, 93, 98, 99, 100, 101, 102, 103, 104, 106, 110, 111, 113, 116, 117, 118, 120, 122, 124, 126, 127]
r4_l: [1, 130, 132, 134, 137, 142, 145, 150, 151, 153, 158, 160, 164, 165, 167, 168, 171, 175, 48, 50, 178, 51, 52, 181, 56, 57, 58, 61, 64, 66, 68, 71, 76, 77, 82, 84, 89, 92, 93, 99, 103, 104, 106, 110, 111, 113, 117, 118, 122, 124, 126, 127]
r4_r: [0, 67, 6, 8, 136, 9, 10, 11, 75, 13, 14, 15, 79, 16, 19, 21, 85, 87, 28, 156, 29, 32, 35, 36, 37, 41, 105, 42, 107, 109, 115, 121, 123]
r5_l: [1, 129, 2, 130, 132, 133, 134, 137, 138, 140, 141, 142, 144, 145, 20, 150, 151, 25, 153, 27, 157, 158, 159, 160, 33, 161, 164, 165, 38, 167, 40, 168, 171, 45, 46, 47, 175, 48, 50, 178, 51, 52, 181, 54, 55, 56, 57, 58, 59, 61, 62, 64, 66, 68, 71, 73, 74, 76, 77, 80, 82, 84, 88, 89, 92, 93, 98, 99, 100, 103, 104, 106, 110, 111, 113, 117, 118, 120, 122, 124, 126, 127]
r5_r: [0, 4, 5, 6, 7, 8, 136, 9, 10, 11, 139, 13, 14, 15, 143, 16, 18, 19, 21, 23, 24, 26, 28, 156, 29, 31, 32, 162, 35, 36, 37, 166, 41, 169, 42, 170, 173, 179, 180, 53, 60, 67, 75, 79, 83, 85, 87, 91, 105, 107, 109, 112, 115, 121, 123, 125]
