r1_l: [256, 129, 259, 4, 132, 5, 135, 137, 11, 139, 267, 12, 140, 142, 270, 15, 271, 273, 18, 274, 20, 148, 150, 25, 26, 157, 161, 164, 166, 41, 169, 42, 44, 46, 175, 53, 54, 182, 187, 196, 197, 198, 206, 79, 207, 81, 85, 86, 216, 219, 220, 223, 96, 224, 226, 99, 229, 103, 234, 236, 237, 243, 116, 247, 248, 122, 124, 125, 253, 126, 127]
r1_r: [0, 1, 257, 2, 258, 3, 260, 261, 6, 262, 7, 263, 9, 265, 10, 266, 268, 13, 269, 14, 16, 272, 17, 19, 21, 23, 27, 28, 29, 30, 31, 32, 33, 34, 35, 36, 37, 38, 39, 43, 45, 48, 49, 51, 52, 55, 57, 58, 60, 61, 62, 63, 65, 67, 68, 70, 71, 72, 73, 74, 76, 77, 78, 80, 82, 83, 84, 87, 88, 89, 91, 92, 93, 95, 97, 98, 100, 101, 102, 104, 105, 106, 107, 108, 109, 110, 111, 112, 113, 114, 115, 117, 118, 119, 120, 121, 123, 130, 131, 133, 134, 136, 138, 141, 143, 144, 145, 146, 149, 151, 152, 153, 155, 156, 158, 160, 162, 163, 165, 167, 168, 170, 171, 172, 173, 174, 177, 178, 179, 180, 181, 183, 184, 185, 186, 188, 189, 190, 191, 192, 193, 194, 195, 199, 200, 201, 202, 203, 204, 205, 208, 209, 210, 211, 212, 213, 214, 217, 218, 221, 222, 225, 227, 228, 231, 232, 233, 235, 239, 241, 242, 244, 245, 246, 249, 250, 251, 252, 254, 255]
r2_l: [194, 260, 133, 198, 135, 72, 200, 9, 10, 266, 12, 269, 78, 142, 143, 271, 80, 208, 81, 211, 148, 85, 149, 86, 150, 214, 23, 93, 31, 33, 225, 162, 99, 38, 39, 41, 105, 173, 177, 114, 116, 117, 123, 63, 255]
r2_r: [0, 1, 257, 258, 5, 6, 262, 7, 263, 265, 11, 13, 14, 270, 16, 272, 17, 18, 274, 21, 25, 28, 29, 32, 37, 42, 45, 46, 48, 56, 57, 58, 60, 65, 67, 68, 74, 76, 77, 79, 82, 83, 84, 87, 89, 92, 95, 98, 103, 104, 107, 108, 110, 111, 112, 119, 120, 122, 125, 129, 130, 131, 132, 136, 137, 138, 139, 140, 146, 151, 153, 155, 156, 158, 161, 163, 164, 166, 169, 170, 172, 178, 179, 180, 184, 186, 187, 188, 189, 190, 191, 192, 193, 195, 197, 205, 209, 213, 216, 219, 222, 228, 229, 231, 234, 235, 236, 237, 239, 241, 243, 244, 245, 246, 247, 248, 249, 251, 252, 253]
r3_l: [2, 3, 4, 260, 133, 135, 9, 10, 266, 12, 269, 142, 15, 143, 271, 144, 145, 273, 148, 149, 150, 23, 30, 31, 33, 34, 162, 35, 36, 165, 38, 39, 40, 41, 171, 173, 49, 177, 51, 52, 53, 54, 182, 55, 61, 63, 194, 70, 198, 72, 200, 73, 203, 78, 80, 208, 81, 210, 211, 212, 85, 86, 214, 88, 217, 91, 93, 221, 96, 224, 97, 225, 99, 101, 232, 105, 106, 109, 114, 242, 115, 116, 117, 123, 126, 127, 255]
r3_r: [0, 1, 257, 258, 5, 6, 262, 7, 263, 265, 11, 13, 14, 270, 16, 272, 17, 18, 274, 21, 25, 28, 29, 32, 37, 42, 45, 46, 48, 56, 57, 58, 60, 65, 67, 68, 74, 76, 77, 79, 82, 83, 84, 87, 89, 92, 95, 98, 103, 104, 107, 108, 110, 111, 112, 119, 120, 122, 125, 129, 130, 131, 132, 136, 137, 138, 139, 140, 146, 151, 153, 155, 156, 158, 161, 163, 164, 166, 169, 170, 172, 178, 179, 180, 184, 186, 187, 188, 189, 190, 191, 192, 193, 195, 197, 205, 209, 213, 216, 219, 222, 228, 229, 231, 234, 235, 236, 237, 239, 241, 243, 244, 245, 246, 247, 248, 249, 251, 252, 253]
r4_l: [128, 256, 261, 134, 135, 9, 10, 267, 12, 268, 141, 15, 271, 19, 20, 149, 152, 26, 27, 157, 30, 31, 160, 33, 34, 162, 39, 167, 40, 168, 43, 44, 174, 175, 52, 181, 54, 55, 183, 62, 194, 198, 71, 72, 201, 75, 81, 214, 90, 218, 220, 93, 221, 94, 223, 225, 226, 227, 100, 101, 102, 232, 105, 233, 109, 113, 116, 118, 121, 250, 124, 254, 255]
r4_r: [64, 192, 65, 66, 67, 5, 69, 199, 8, 264, 204, 16, 273, 146, 275, 213, 22, 215, 24, 154, 159, 224, 35, 228, 230, 45, 238, 47, 176, 240, 50, 51, 180, 245, 56, 58, 122, 59, 252, 125]
r5_l: [64, 192, 65, 66, 67, 5, 69, 8, 264, 204, 16, 146, 275, 213, 22, 215, 24, 154, 159, 224, 228, 230, 45, 238, 47, 176, 240, 50, 180, 245, 56, 58, 122, 252, 125]
r5_r: [256, 261, 134, 9, 267, 12, 268, 15, 271, 19, 20, 149, 152, 26, 30, 31, 160, 33, 34, 162, 39, 167, 168, 44, 174, 175, 52, 54, 55, 62, 194, 198, 71, 72, 201, 81, 93, 221, 223, 225, 226, 227, 100, 102, 105, 233, 109, 113, 116, 118, 121, 254, 255]
r6_l: [257, 3, 131, 6, 7, 8, 136, 265, 138, 16, 144, 272, 17, 146, 21, 22, 154, 155, 28, 156, 32, 35, 163, 165, 38, 170, 45, 47, 48, 49, 50, 178, 51, 180, 57, 58, 60, 61, 189, 190, 191, 64, 192, 65, 66, 67, 195, 68, 70, 199, 200, 73, 203, 204, 82, 83, 84, 213, 215, 88, 217, 222, 95, 228, 230, 108, 110, 111, 240, 245, 119, 120, 249, 252]
r6_r: [256, 194, 261, 134, 71, 72, 9, 201, 12, 268, 15, 81, 19, 20, 149, 152, 26, 93, 221, 30, 31, 223, 225, 162, 227, 100, 102, 39, 167, 105, 233, 109, 174, 175, 113, 52, 54, 118, 55, 121, 62, 254, 255]
