r1_l: [0, 896, 769, 133, 518, 648, 15, 273, 657, 530, 658, 786, 275, 150, 662, 284, 286, 542, 798, 545, 163, 291, 36, 422, 552, 810, 427, 814, 559, 306, 179, 820, 693, 566, 567, 695, 314, 442, 570, 826, 828, 62, 191, 704, 706, 67, 68, 711, 584, 329, 457, 714, 331, 588, 724, 343, 473, 731, 220, 352, 609, 484, 870, 876, 365, 239, 879, 496, 369, 625, 882, 883, 884, 629, 630, 376, 122, 123, 381, 510]
r1_r: [898, 645, 7, 779, 780, 659, 408, 792, 153, 154, 796, 289, 801, 419, 551, 681, 555, 557, 304, 562, 563, 180, 565, 55, 823, 58, 186, 829, 318, 702, 63, 576, 65, 322, 453, 198, 713, 205, 81, 594, 597, 599, 858, 347, 348, 732, 94, 862, 357, 741, 744, 617, 248, 383]
r2_l: [0, 769, 518, 265, 777, 11, 14, 270, 15, 16, 784, 273, 18, 530, 786, 275, 531, 276, 789, 534, 536, 284, 29, 30, 286, 542, 798, 799, 545, 291, 36, 552, 810, 43, 813, 814, 303, 559, 817, 306, 51, 820, 566, 567, 568, 569, 314, 570, 826, 59, 60, 316, 828, 62, 320, 67, 68, 324, 838, 584, 329, 331, 76, 588, 78, 341, 343, 600, 856, 350, 863, 352, 353, 609, 866, 869, 870, 362, 107, 876, 365, 621, 623, 879, 369, 625, 114, 882, 627, 883, 628, 884, 629, 630, 376, 122, 123, 892, 125, 381, 126, 896, 131, 133, 135, 648, 140, 657, 658, 149, 150, 662, 410, 666, 667, 671, 161, 417, 163, 675, 164, 165, 421, 422, 678, 167, 168, 427, 179, 693, 183, 695, 442, 698, 699, 188, 700, 191, 448, 704, 706, 197, 709, 454, 710, 711, 457, 714, 459, 717, 208, 724, 727, 473, 730, 219, 731, 220, 477, 482, 483, 484, 740, 232, 233, 235, 239, 496, 242, 757, 761, 764, 254, 510]
r2_r: [576, 65, 322, 898, 645, 779, 780, 205, 659, 599, 408, 792, 153, 154, 858, 347, 348, 796, 862, 801, 357, 741, 551, 617, 555, 304, 180, 55, 823, 248, 58, 318, 383]
r3_l: [0, 1, 769, 4, 518, 778, 268, 14, 15, 16, 529, 18, 786, 275, 276, 789, 27, 542, 799, 802, 291, 552, 41, 810, 813, 814, 816, 817, 51, 820, 566, 567, 569, 314, 59, 316, 828, 317, 67, 68, 838, 584, 329, 331, 843, 76, 588, 77, 848, 88, 856, 350, 863, 353, 866, 355, 869, 107, 876, 621, 367, 879, 369, 114, 627, 883, 628, 884, 885, 630, 886, 122, 896, 130, 135, 648, 140, 653, 398, 657, 658, 149, 662, 664, 667, 161, 417, 163, 675, 164, 165, 422, 678, 167, 172, 432, 434, 179, 693, 441, 442, 698, 699, 447, 197, 709, 454, 710, 711, 456, 714, 203, 459, 724, 469, 727, 473, 219, 475, 731, 220, 223, 481, 482, 485, 487, 233, 240, 242, 247, 759, 760, 764, 254, 510]
r3_r: [390, 650, 267, 779, 397, 142, 783, 272, 661, 535, 791, 280, 408, 792, 409, 26, 154, 796, 670, 290, 547, 42, 555, 686, 180, 823, 187, 703, 577, 834, 579, 837, 715, 716, 205, 845, 721, 210, 338, 723, 468, 854, 858, 347, 605, 862, 357, 359, 491, 236, 241, 243, 887, 124, 893, 638]
r4_l: [0, 1, 4, 518, 520, 11, 14, 15, 16, 529, 18, 27, 28, 540, 29, 30, 542, 37, 552, 41, 43, 51, 52, 564, 566, 567, 568, 569, 59, 60, 67, 68, 584, 76, 588, 77, 88, 95, 97, 107, 621, 625, 114, 627, 116, 628, 630, 122, 125, 126, 130, 135, 648, 651, 140, 652, 653, 657, 658, 149, 662, 664, 666, 667, 671, 161, 163, 675, 164, 165, 678, 167, 168, 171, 172, 179, 691, 693, 183, 698, 699, 700, 705, 708, 197, 709, 710, 711, 714, 203, 206, 208, 212, 724, 727, 217, 219, 731, 220, 223, 232, 233, 240, 242, 757, 247, 759, 760, 761, 764, 254, 769, 265, 778, 268, 786, 275, 276, 277, 789, 799, 802, 291, 810, 813, 814, 303, 816, 817, 306, 820, 314, 316, 828, 317, 320, 324, 838, 329, 330, 331, 843, 336, 848, 341, 856, 350, 863, 353, 866, 355, 869, 876, 878, 367, 879, 369, 883, 884, 885, 886, 891, 382, 896, 387, 398, 417, 421, 422, 427, 429, 432, 434, 441, 442, 446, 447, 448, 454, 456, 459, 469, 473, 475, 481, 482, 483, 484, 485, 487, 489, 490, 495, 496, 510]
r4_r: [263, 267, 523, 779, 782, 783, 272, 274, 22, 278, 535, 791, 280, 792, 26, 796, 290, 547, 293, 551, 42, 555, 301, 819, 821, 823, 825, 577, 578, 834, 579, 837, 327, 587, 845, 338, 84, 854, 858, 347, 605, 862, 867, 357, 359, 108, 109, 111, 373, 887, 124, 893, 638, 897, 389, 134, 390, 650, 397, 142, 400, 661, 152, 408, 409, 154, 156, 670, 159, 418, 169, 425, 683, 428, 686, 433, 180, 692, 184, 696, 697, 187, 703, 202, 715, 716, 205, 462, 721, 210, 723, 468, 215, 734, 736, 226, 227, 491, 236, 241, 243, 755, 503, 504]
r5_l: [0, 1, 4, 518, 520, 11, 14, 15, 16, 529, 18, 27, 28, 540, 29, 30, 542, 34, 37, 552, 41, 43, 51, 52, 564, 566, 567, 568, 569, 59, 60, 67, 68, 580, 584, 585, 76, 588, 77, 88, 91, 95, 97, 107, 621, 625, 114, 627, 116, 628, 630, 122, 125, 126, 130, 643, 135, 648, 139, 651, 140, 652, 653, 657, 658, 149, 662, 664, 666, 155, 667, 671, 161, 163, 675, 164, 165, 678, 167, 168, 682, 171, 172, 174, 689, 179, 691, 693, 183, 698, 699, 700, 705, 708, 197, 709, 710, 199, 711, 714, 203, 206, 208, 212, 724, 725, 726, 727, 216, 217, 219, 731, 220, 223, 742, 232, 233, 237, 751, 240, 242, 756, 757, 247, 759, 760, 761, 764, 254, 769, 265, 778, 268, 786, 275, 276, 277, 789, 283, 799, 802, 291, 810, 813, 814, 303, 816, 817, 306, 818, 820, 314, 316, 828, 317, 831, 320, 324, 838, 329, 330, 331, 843, 846, 336, 848, 341, 856, 350, 863, 353, 866, 355, 869, 358, 871, 875, 876, 878, 367, 879, 369, 882, 371, 883, 884, 885, 886, 891, 382, 896, 387, 398, 415, 417, 420, 421, 422, 427, 429, 432, 434, 441, 442, 443, 446, 447, 448, 454, 456, 458, 459, 469, 473, 475, 481, 482, 483, 484, 485, 487, 489, 490, 495, 496, 510]
r5_r: [263, 267, 523, 779, 782, 783, 272, 274, 22, 278, 535, 791, 280, 792, 26, 796, 290, 547, 293, 551, 42, 555, 301, 819, 821, 823, 825, 577, 578, 834, 579, 837, 327, 587, 845, 338, 84, 854, 858, 347, 605, 862, 867, 357, 359, 108, 109, 111, 373, 887, 124, 893, 638, 897, 389, 134, 390, 650, 397, 142, 400, 661, 152, 408, 409, 154, 156, 670, 159, 418, 169, 425, 683, 428, 686, 433, 180, 692, 184, 696, 697, 187, 703, 202, 715, 716, 205, 462, 721, 210, 723, 468, 215, 734, 736, 226, 227, 491, 236, 241, 243, 755, 503, 504]
r6_l: [0, 4, 516, 518, 11, 14, 15, 16, 17, 18, 530, 531, 534, 536, 28, 540, 29, 30, 542, 545, 34, 36, 37, 552, 43, 559, 51, 52, 566, 567, 568, 569, 570, 59, 60, 62, 67, 68, 71, 584, 585, 76, 588, 77, 78, 87, 600, 91, 95, 97, 609, 616, 107, 621, 623, 113, 625, 114, 626, 627, 628, 629, 118, 630, 122, 123, 125, 126, 129, 130, 642, 131, 133, 135, 648, 139, 651, 140, 652, 657, 658, 148, 149, 150, 662, 666, 155, 667, 671, 672, 161, 163, 675, 164, 676, 165, 678, 167, 168, 680, 682, 171, 684, 174, 179, 691, 693, 183, 695, 185, 698, 699, 188, 700, 191, 704, 706, 197, 709, 710, 711, 714, 717, 206, 208, 212, 724, 727, 216, 217, 730, 219, 731, 220, 222, 740, 742, 232, 233, 235, 237, 239, 751, 242, 757, 759, 760, 761, 250, 251, 764, 254, 769, 770, 265, 777, 778, 270, 273, 786, 275, 276, 277, 789, 284, 286, 798, 799, 802, 291, 298, 810, 813, 814, 303, 817, 306, 818, 820, 310, 314, 826, 316, 828, 320, 324, 838, 329, 330, 331, 843, 334, 846, 336, 850, 341, 343, 856, 350, 863, 352, 353, 866, 869, 870, 362, 364, 876, 365, 367, 879, 369, 882, 371, 883, 884, 885, 376, 890, 892, 381, 382, 894, 896, 385, 410, 415, 417, 421, 422, 427, 432, 434, 441, 442, 443, 446, 447, 448, 454, 456, 457, 458, 459, 473, 474, 482, 483, 484, 485, 487, 489, 492, 496, 510]
r6_r: [640, 390, 393, 394, 650, 267, 779, 397, 142, 271, 783, 272, 661, 790, 535, 791, 280, 408, 792, 25, 409, 26, 154, 796, 670, 290, 547, 166, 294, 807, 42, 555, 686, 435, 180, 823, 187, 703, 577, 834, 579, 196, 837, 715, 716, 205, 845, 721, 82, 210, 338, 723, 468, 854, 858, 347, 605, 733, 611, 357, 359, 234, 491, 236, 241, 753, 370, 243, 887, 888, 124, 638]
r7_l: [0, 513, 4, 518, 519, 520, 11, 14, 15, 16, 17, 18, 530, 531, 532, 534, 536, 29, 30, 542, 545, 34, 36, 552, 553, 43, 559, 561, 51, 564, 566, 567, 568, 569, 570, 59, 60, 573, 62, 575, 67, 68, 580, 69, 71, 584, 585, 76, 588, 78, 590, 600, 89, 95, 609, 613, 103, 616, 107, 621, 623, 625, 114, 627, 628, 629, 630, 122, 123, 125, 126, 129, 131, 643, 133, 135, 648, 139, 651, 140, 652, 654, 145, 657, 658, 149, 150, 662, 666, 155, 667, 158, 671, 672, 161, 163, 675, 164, 676, 165, 678, 167, 168, 682, 171, 174, 175, 689, 179, 693, 183, 695, 185, 698, 699, 188, 700, 191, 704, 706, 197, 709, 710, 199, 711, 714, 717, 206, 208, 724, 725, 727, 216, 730, 219, 731, 220, 222, 224, 740, 742, 232, 233, 235, 239, 751, 242, 757, 246, 758, 761, 251, 252, 764, 253, 765, 254, 257, 769, 770, 265, 777, 269, 270, 784, 273, 786, 275, 276, 277, 789, 284, 286, 798, 799, 803, 810, 299, 813, 814, 303, 817, 306, 818, 820, 310, 314, 826, 316, 828, 320, 324, 838, 329, 330, 331, 846, 336, 341, 343, 856, 350, 863, 352, 353, 866, 869, 358, 870, 362, 874, 875, 364, 876, 365, 879, 369, 882, 371, 883, 884, 376, 891, 892, 381, 896, 406, 410, 415, 417, 420, 421, 422, 427, 442, 443, 448, 454, 456, 457, 458, 459, 463, 473, 477, 480, 482, 483, 484, 485, 487, 489, 490, 496, 510]
r7_r: [776, 267, 523, 779, 782, 271, 783, 272, 274, 22, 278, 790, 535, 791, 280, 792, 25, 26, 796, 290, 547, 293, 294, 551, 807, 42, 555, 301, 819, 821, 823, 825, 577, 578, 834, 579, 837, 327, 587, 845, 82, 338, 84, 854, 858, 347, 605, 611, 867, 357, 359, 108, 109, 111, 370, 373, 887, 888, 124, 638, 640, 897, 134, 390, 393, 394, 650, 397, 142, 400, 661, 152, 408, 409, 154, 156, 670, 159, 418, 166, 169, 425, 683, 428, 686, 433, 435, 180, 692, 184, 696, 697, 187, 703, 196, 202, 715, 716, 205, 462, 721, 210, 723, 468, 215, 733, 734, 736, 226, 227, 234, 491, 236, 241, 753, 243, 755, 503, 504]
r8_l: [0, 1, 513, 4, 516, 5, 518, 519, 11, 12, 14, 15, 16, 17, 529, 18, 530, 531, 532, 534, 536, 27, 28, 540, 29, 30, 542, 543, 545, 34, 35, 36, 548, 37, 552, 41, 553, 43, 559, 561, 51, 52, 566, 567, 568, 569, 570, 59, 60, 573, 62, 575, 67, 68, 580, 69, 71, 72, 584, 585, 76, 588, 77, 78, 590, 80, 87, 88, 600, 89, 602, 91, 95, 97, 609, 613, 104, 616, 107, 621, 623, 113, 625, 114, 626, 627, 116, 628, 629, 118, 630, 122, 123, 125, 126, 129, 130, 642, 131, 643, 133, 135, 648, 139, 651, 140, 652, 653, 654, 143, 145, 657, 658, 148, 149, 150, 662, 664, 666, 155, 667, 158, 671, 672, 161, 163, 675, 164, 676, 165, 678, 167, 168, 680, 682, 171, 172, 684, 173, 174, 175, 689, 690, 179, 691, 693, 183, 695, 185, 698, 699, 188, 700, 189, 191, 704, 706, 708, 197, 709, 710, 199, 711, 714, 203, 717, 206, 208, 212, 724, 725, 726, 727, 216, 217, 730, 219, 731, 220, 222, 223, 224, 740, 742, 232, 233, 235, 237, 239, 751, 240, 242, 756, 757, 246, 758, 247, 759, 760, 761, 250, 251, 252, 764, 253, 765, 254, 257, 769, 770, 262, 265, 777, 778, 268, 269, 270, 784, 273, 786, 275, 276, 277, 789, 283, 284, 797, 286, 798, 799, 802, 291, 803, 298, 810, 299, 813, 814, 303, 816, 817, 306, 818, 820, 310, 311, 313, 314, 826, 316, 828, 317, 830, 831, 320, 321, 833, 324, 838, 329, 330, 331, 843, 334, 846, 847, 336, 848, 850, 341, 343, 856, 859, 860, 350, 863, 352, 353, 866, 355, 869, 358, 870, 871, 872, 362, 874, 875, 364, 876, 365, 878, 367, 879, 369, 882, 371, 883, 884, 885, 886, 376, 377, 890, 892, 381, 382, 894, 896, 385, 387, 396, 398, 402, 406, 410, 415, 417, 420, 421, 422, 427, 429, 432, 434, 441, 442, 443, 446, 447, 448, 454, 456, 457, 458, 459, 463, 469, 470, 473, 474, 475, 477, 480, 481, 482, 483, 484, 485, 487, 488, 489, 492, 495, 496, 505, 510]
r8_r: [267, 523, 779, 782, 271, 783, 272, 274, 22, 278, 790, 535, 791, 280, 792, 25, 26, 796, 290, 547, 293, 294, 551, 807, 42, 555, 301, 819, 821, 823, 577, 578, 834, 579, 837, 327, 845, 82, 338, 84, 854, 858, 347, 605, 611, 867, 357, 359, 108, 111, 370, 373, 887, 888, 124, 638, 640, 897, 134, 390, 393, 394, 650, 397, 142, 400, 661, 152, 408, 409, 154, 156, 670, 159, 418, 166, 169, 425, 683, 428, 686, 433, 435, 180, 692, 184, 697, 187, 703, 196, 202, 715, 716, 205, 462, 721, 210, 723, 468, 215, 733, 734, 736, 226, 227, 234, 491, 236, 241, 753, 243, 755, 503, 504]
r9_l: [0, 1, 515, 4, 518, 520, 11, 14, 15, 527, 16, 529, 18, 27, 28, 540, 29, 541, 30, 542, 33, 37, 552, 41, 43, 49, 51, 52, 564, 566, 567, 568, 569, 59, 60, 64, 67, 68, 582, 584, 76, 588, 77, 86, 88, 603, 95, 97, 614, 106, 107, 621, 624, 114, 627, 116, 628, 630, 121, 122, 125, 126, 639, 130, 135, 648, 651, 140, 652, 653, 656, 657, 658, 149, 662, 664, 666, 667, 671, 161, 163, 675, 164, 165, 678, 167, 168, 171, 172, 688, 179, 691, 693, 183, 698, 699, 700, 705, 708, 197, 709, 710, 711, 714, 203, 206, 718, 208, 212, 724, 727, 217, 219, 731, 220, 223, 232, 233, 240, 242, 244, 757, 247, 759, 760, 761, 764, 254, 769, 265, 778, 268, 786, 275, 787, 276, 277, 789, 799, 802, 291, 804, 810, 813, 814, 303, 816, 305, 817, 306, 820, 314, 316, 828, 317, 319, 320, 324, 325, 838, 839, 328, 329, 841, 330, 331, 843, 336, 848, 341, 856, 350, 863, 353, 866, 355, 869, 876, 878, 367, 879, 369, 883, 884, 885, 374, 886, 382, 896, 387, 398, 414, 417, 421, 422, 427, 429, 431, 432, 434, 441, 442, 446, 447, 448, 454, 456, 459, 461, 469, 473, 475, 481, 482, 483, 484, 485, 487, 489, 490, 495, 496, 510]
r9_r: [384, 576, 768, 65, 449, 577, 389, 264, 138, 401, 594, 339, 663, 153, 218, 282, 858, 604, 157, 94, 862, 288, 800, 739, 549, 38, 555, 877, 110, 366, 304, 880, 881, 754, 502, 823, 57, 63, 511, 703]
r10_l: [0, 1, 4, 5, 10, 11, 12, 14, 15, 16, 17, 18, 27, 28, 29, 30, 31, 33, 34, 35, 36, 37, 41, 43, 44, 46, 49, 51, 52, 53, 54, 59, 60, 62, 64, 67, 68, 69, 71, 72, 76, 77, 78, 86, 87, 88, 89, 91, 95, 97, 103, 104, 106, 107, 113, 114, 116, 118, 121, 122, 123, 125, 126, 128, 129, 130, 131, 133, 135, 139, 140, 143, 145, 148, 149, 150, 155, 158, 161, 163, 164, 165, 167, 168, 171, 172, 173, 174, 175, 176, 179, 183, 185, 188, 189, 190, 191, 192, 197, 199, 203, 206, 208, 212, 216, 217, 219, 220, 222, 223, 224, 232, 233, 235, 237, 239, 240, 242, 244, 246, 247, 250, 251, 252, 253, 254, 257, 262, 265, 268, 269, 270, 273, 275, 276, 277, 283, 284, 286, 291, 298, 299, 303, 305, 306, 310, 311, 313, 314, 316, 317, 319, 320, 321, 324, 325, 328, 329, 330, 331, 334, 336, 337, 341, 343, 350, 352, 353, 355, 358, 362, 364, 365, 367, 369, 371, 374, 376, 377, 378, 381, 382, 385, 386, 387, 396, 398, 402, 406, 410, 414, 415, 417, 420, 421, 422, 427, 429, 431, 432, 434, 436, 441, 442, 443, 446, 447, 448, 454, 456, 457, 458, 459, 461, 463, 469, 470, 473, 474, 475, 477, 480, 481, 482, 483, 484, 485, 486, 487, 488, 489, 490, 492, 495, 496, 498, 505, 510, 513, 515, 516, 518, 519, 520, 526, 527, 529, 530, 531, 532, 534, 536, 539, 540, 541, 542, 543, 545, 548, 552, 553, 556, 559, 561, 564, 566, 567, 568, 569, 570, 573, 575, 580, 582, 584, 585, 588, 590, 600, 602, 603, 606, 609, 613, 614, 616, 621, 623, 624, 625, 626, 627, 628, 629, 630, 632, 634, 639, 642, 643, 648, 651, 652, 653, 654, 656, 657, 658, 662, 664, 666, 667, 671, 672, 675, 676, 678, 679, 680, 682, 684, 688, 689, 690, 691, 693, 695, 698, 699, 700, 704, 705, 706, 707, 708, 709, 710, 711, 714, 717, 718, 724, 725, 726, 727, 730, 731, 740, 742, 751, 756, 757, 758, 759, 760, 761, 764, 765, 767, 769, 770, 773, 777, 778, 784, 785, 786, 787, 789, 793, 797, 798, 799, 802, 803, 804, 810, 813, 814, 816, 817, 818, 820, 826, 828, 830, 831, 833, 835, 838, 839, 841, 843, 846, 847, 848, 850, 856, 859, 860, 863, 865, 866, 869, 870, 871, 872, 874, 875, 876, 878, 879, 882, 883, 884, 885, 886, 890, 891, 892, 894, 896]
r10_r: [512, 514, 517, 7, 521, 522, 523, 524, 13, 528, 20, 22, 23, 535, 24, 25, 544, 546, 547, 549, 38, 550, 39, 551, 40, 42, 555, 557, 558, 48, 560, 50, 562, 563, 565, 55, 56, 57, 58, 571, 572, 61, 574, 63, 576, 65, 577, 66, 578, 70, 74, 586, 75, 589, 81, 593, 82, 594, 595, 84, 85, 597, 598, 599, 601, 90, 92, 604, 605, 94, 607, 610, 99, 611, 100, 612, 101, 102, 615, 617, 108, 620, 110, 622, 111, 112, 115, 117, 119, 631, 120, 633, 635, 124, 636, 637, 127, 640, 132, 644, 645, 646, 647, 136, 137, 649, 138, 650, 142, 655, 144, 146, 659, 660, 661, 151, 663, 152, 153, 154, 156, 668, 157, 669, 677, 166, 169, 681, 683, 685, 686, 177, 178, 180, 692, 184, 697, 186, 701, 702, 703, 193, 196, 198, 200, 201, 713, 202, 715, 204, 716, 205, 719, 720, 209, 210, 722, 211, 723, 214, 729, 218, 732, 221, 733, 734, 225, 737, 738, 739, 228, 741, 230, 231, 744, 745, 234, 746, 747, 236, 748, 749, 238, 750, 752, 241, 754, 243, 755, 248, 766, 255, 256, 768, 259, 771, 263, 264, 266, 267, 779, 780, 782, 271, 783, 274, 788, 279, 791, 280, 792, 281, 282, 794, 796, 285, 288, 800, 289, 801, 292, 293, 805, 294, 807, 297, 809, 811, 300, 301, 302, 815, 304, 307, 308, 309, 823, 312, 824, 315, 827, 829, 318, 322, 834, 836, 837, 326, 327, 840, 844, 333, 845, 335, 849, 339, 340, 342, 855, 344, 345, 858, 347, 348, 349, 861, 862, 351, 356, 868, 357, 359, 361, 873, 877, 366, 880, 881, 370, 372, 373, 375, 888, 889, 893, 383, 895, 384, 898, 899, 388, 389, 391, 393, 394, 395, 399, 401, 404, 408, 413, 416, 418, 419, 423, 424, 425, 426, 435, 437, 439, 440, 444, 449, 451, 453, 455, 460, 462, 464, 465, 466, 471, 479, 494, 497, 499, 500, 502, 504, 511]
r11_l: [579, 837, 390, 263, 202, 650, 267, 715, 779, 397, 142, 783, 272, 210, 468, 661, 791, 792, 796, 670, 227, 547, 357, 359, 42, 236, 241, 819, 503, 187, 638]
r11_r: [0, 769, 518, 270, 15, 16, 273, 786, 275, 531, 534, 536, 284, 286, 542, 798, 799, 291, 36, 552, 810, 813, 814, 559, 306, 820, 566, 567, 314, 570, 826, 828, 62, 67, 68, 838, 584, 329, 331, 588, 78, 343, 856, 352, 866, 362, 107, 876, 365, 879, 369, 625, 882, 883, 884, 629, 630, 376, 122, 123, 892, 381, 896, 131, 133, 648, 657, 658, 662, 410, 666, 163, 164, 165, 422, 678, 427, 179, 693, 695, 442, 191, 704, 706, 197, 711, 457, 714, 724, 473, 731, 220, 484, 235, 239, 496, 757, 510]
r12_l: [897, 650, 779, 397, 142, 783, 272, 661, 791, 152, 792, 26, 154, 796, 670, 418, 547, 293, 169, 425, 42, 555, 301, 686, 692, 823, 697, 187, 703, 577, 578, 834, 579, 837, 327, 715, 716, 721, 210, 723, 854, 858, 347, 605, 862, 736, 226, 357, 359, 491, 241, 887, 893, 638]
r12_r: [0, 896, 769, 133, 518, 648, 15, 273, 657, 658, 786, 275, 662, 284, 286, 542, 798, 163, 291, 36, 422, 552, 810, 427, 814, 559, 306, 179, 820, 693, 566, 567, 695, 314, 442, 570, 826, 828, 62, 191, 704, 706, 67, 68, 711, 584, 329, 457, 714, 331, 588, 724, 343, 473, 731, 220, 352, 484, 107, 876, 365, 239, 879, 496, 369, 625, 882, 883, 884, 629, 630, 376, 122, 123, 381, 510]
r13_l: [576, 65, 898, 645, 198, 7, 713, 266, 779, 204, 780, 81, 594, 659, 597, 599, 792, 153, 154, 858, 347, 348, 732, 796, 94, 862, 801, 357, 551, 744, 361, 617, 681, 555, 557, 304, 562, 563, 565, 823, 829, 702, 63, 383]
r13_r: [0, 704, 896, 706, 518, 711, 457, 15, 273, 657, 658, 786, 275, 662, 343, 473, 731, 284, 286, 352, 291, 36, 422, 552, 427, 876, 365, 814, 239, 559, 369, 625, 306, 179, 883, 820, 884, 566, 630, 567, 695, 314, 570, 828, 381, 62, 510, 191]
r14_l: [256, 266, 522, 523, 779, 780, 783, 272, 20, 278, 791, 792, 281, 26, 796, 288, 289, 801, 290, 547, 293, 551, 42, 555, 301, 557, 304, 309, 823, 56, 829, 318, 574, 576, 65, 577, 578, 834, 579, 837, 70, 327, 845, 593, 338, 595, 84, 854, 599, 858, 347, 92, 348, 605, 862, 357, 359, 361, 617, 620, 880, 372, 373, 887, 893, 638, 383, 895, 897, 898, 645, 647, 137, 138, 650, 397, 142, 401, 659, 660, 661, 152, 153, 409, 154, 157, 669, 670, 418, 169, 425, 681, 428, 686, 692, 697, 187, 703, 193, 713, 715, 204, 716, 462, 721, 210, 211, 723, 729, 732, 734, 736, 225, 226, 741, 230, 231, 744, 746, 491, 752, 241, 755, 502, 511]
r14_r: [0, 896, 518, 648, 15, 273, 657, 658, 786, 275, 662, 284, 286, 542, 291, 36, 422, 552, 427, 814, 559, 306, 179, 820, 566, 567, 695, 314, 442, 570, 828, 62, 191, 704, 706, 711, 457, 714, 343, 473, 731, 352, 484, 876, 365, 239, 879, 369, 625, 883, 884, 630, 381, 510]
r15_l: [256, 263, 266, 522, 267, 523, 779, 780, 13, 783, 272, 274, 20, 22, 278, 23, 791, 792, 281, 26, 796, 288, 544, 289, 801, 547, 293, 551, 42, 555, 301, 557, 304, 819, 309, 821, 55, 823, 56, 829, 318, 574, 576, 65, 577, 322, 578, 834, 579, 837, 70, 327, 844, 845, 593, 338, 595, 84, 854, 599, 855, 858, 347, 92, 348, 604, 605, 862, 867, 868, 357, 359, 361, 617, 108, 620, 622, 111, 880, 881, 115, 372, 373, 887, 633, 893, 638, 383, 895, 897, 898, 389, 645, 390, 647, 137, 138, 650, 397, 142, 400, 401, 659, 660, 661, 152, 153, 409, 154, 156, 157, 669, 670, 159, 418, 169, 425, 681, 683, 428, 686, 433, 178, 692, 184, 697, 187, 703, 193, 198, 455, 713, 202, 715, 204, 716, 462, 721, 210, 211, 723, 468, 215, 729, 732, 734, 736, 225, 226, 227, 741, 230, 231, 744, 745, 746, 491, 236, 750, 752, 241, 499, 755, 502, 503, 248, 504, 511]
r15_r: [0, 896, 769, 131, 133, 518, 648, 270, 15, 16, 273, 658, 786, 275, 531, 534, 662, 536, 410, 666, 284, 286, 542, 798, 799, 163, 291, 36, 164, 165, 422, 678, 810, 427, 814, 559, 306, 179, 820, 693, 566, 567, 695, 314, 442, 570, 826, 828, 62, 191, 704, 706, 68, 197, 838, 711, 584, 329, 457, 331, 588, 78, 724, 343, 856, 473, 731, 220, 352, 866, 484, 362, 235, 876, 365, 239, 879, 496, 369, 625, 882, 883, 884, 629, 757, 630, 376, 122, 123, 892, 381, 510]
r16_l: [264, 522, 267, 779, 783, 272, 20, 22, 281, 26, 282, 287, 32, 288, 289, 801, 547, 292, 549, 38, 550, 39, 555, 557, 304, 819, 823, 315, 829, 576, 65, 577, 834, 579, 74, 75, 589, 338, 339, 342, 854, 858, 347, 92, 348, 605, 862, 356, 612, 101, 357, 359, 877, 366, 880, 115, 372, 887, 893, 389, 645, 390, 138, 650, 397, 142, 399, 655, 144, 401, 661, 663, 153, 154, 157, 670, 159, 686, 433, 437, 703, 449, 194, 713, 202, 715, 716, 465, 721, 210, 468, 218, 732, 225, 227, 739, 230, 491, 236, 241, 754, 499, 502, 504, 511]
r16_r: [896, 769, 131, 133, 648, 270, 15, 16, 273, 658, 786, 275, 531, 534, 662, 536, 410, 666, 284, 286, 798, 291, 36, 165, 422, 168, 810, 427, 559, 306, 695, 314, 570, 826, 828, 62, 191, 704, 706, 197, 584, 457, 331, 78, 724, 343, 220, 352, 484, 362, 235, 876, 365, 239, 879, 625, 882, 883, 884, 629, 630, 376, 123, 892, 381]
r17_l: [521, 522, 523, 524, 13, 20, 23, 24, 26, 32, 547, 549, 38, 550, 39, 551, 42, 555, 557, 560, 55, 56, 61, 574, 576, 65, 577, 578, 579, 70, 74, 586, 75, 589, 593, 595, 84, 598, 599, 92, 605, 612, 101, 617, 108, 620, 622, 111, 112, 115, 120, 638, 645, 647, 136, 137, 138, 650, 142, 655, 144, 146, 659, 660, 661, 151, 663, 152, 153, 154, 156, 668, 157, 669, 670, 159, 169, 681, 683, 686, 177, 178, 692, 184, 697, 187, 703, 193, 194, 200, 712, 713, 202, 715, 204, 716, 719, 209, 721, 210, 211, 723, 214, 215, 729, 218, 732, 734, 736, 225, 226, 738, 227, 228, 741, 230, 231, 744, 745, 746, 236, 238, 752, 241, 754, 755, 248, 766, 256, 263, 775, 264, 266, 267, 779, 780, 782, 783, 272, 274, 278, 791, 792, 282, 796, 287, 288, 289, 801, 292, 293, 811, 301, 302, 815, 304, 819, 309, 821, 823, 315, 827, 829, 318, 322, 834, 836, 837, 327, 844, 845, 338, 339, 853, 342, 854, 858, 347, 348, 349, 862, 351, 867, 356, 868, 357, 359, 361, 366, 880, 372, 373, 887, 889, 893, 383, 895, 897, 898, 389, 390, 397, 399, 400, 401, 409, 411, 418, 424, 425, 428, 433, 437, 445, 449, 455, 462, 465, 466, 468, 491, 499, 502, 503, 504, 511]
r17_r: [0, 896, 518, 648, 15, 273, 658, 786, 275, 662, 284, 286, 542, 291, 36, 422, 427, 814, 559, 306, 179, 820, 566, 567, 695, 314, 442, 570, 828, 62, 191, 704, 706, 711, 457, 343, 473, 731, 352, 484, 876, 365, 239, 879, 369, 625, 883, 884, 630, 381, 510]
r18_l: [514, 517, 7, 521, 522, 523, 524, 13, 20, 22, 23, 24, 26, 32, 544, 546, 547, 549, 38, 550, 39, 551, 40, 42, 555, 557, 48, 560, 562, 563, 565, 55, 56, 57, 572, 61, 574, 63, 576, 65, 577, 66, 578, 579, 70, 74, 586, 75, 587, 589, 81, 593, 594, 595, 84, 597, 598, 599, 92, 604, 605, 94, 612, 101, 615, 617, 108, 620, 110, 622, 111, 112, 115, 119, 120, 633, 635, 636, 637, 638, 645, 647, 136, 137, 138, 650, 142, 655, 144, 146, 659, 660, 661, 151, 663, 152, 153, 154, 156, 668, 157, 669, 670, 159, 169, 681, 683, 686, 177, 178, 692, 184, 697, 187, 701, 702, 703, 193, 194, 198, 200, 712, 201, 713, 202, 715, 204, 716, 719, 209, 721, 210, 211, 723, 214, 215, 729, 218, 732, 734, 736, 225, 226, 738, 227, 739, 228, 741, 230, 231, 744, 745, 746, 747, 236, 748, 238, 750, 752, 241, 754, 755, 248, 766, 256, 768, 263, 775, 264, 266, 267, 779, 780, 782, 783, 272, 274, 278, 791, 792, 281, 282, 796, 287, 288, 289, 801, 290, 292, 293, 811, 301, 302, 815, 304, 307, 819, 309, 821, 823, 824, 315, 827, 829, 318, 322, 834, 836, 837, 326, 327, 840, 844, 845, 338, 339, 853, 342, 854, 855, 344, 345, 858, 347, 348, 349, 862, 351, 867, 356, 868, 357, 359, 361, 877, 366, 880, 881, 372, 373, 887, 889, 893, 383, 895, 897, 898, 389, 390, 391, 397, 399, 400, 401, 404, 409, 411, 418, 424, 425, 426, 428, 433, 437, 444, 445, 449, 455, 462, 465, 466, 468, 479, 491, 499, 500, 502, 503, 504, 511]
r18_r: [0, 769, 4, 518, 520, 265, 777, 11, 14, 270, 15, 16, 273, 18, 786, 275, 531, 276, 789, 534, 536, 284, 29, 30, 286, 542, 798, 799, 291, 36, 552, 810, 43, 813, 814, 303, 559, 817, 306, 51, 564, 820, 566, 567, 568, 569, 314, 570, 826, 59, 60, 316, 828, 62, 320, 67, 68, 324, 838, 584, 329, 330, 331, 76, 588, 78, 336, 341, 343, 856, 350, 95, 863, 352, 353, 866, 869, 103, 362, 107, 876, 365, 621, 623, 879, 369, 625, 114, 882, 627, 883, 628, 884, 629, 630, 376, 122, 123, 891, 892, 125, 381, 126, 896, 131, 133, 135, 648, 139, 140, 652, 657, 658, 149, 662, 410, 666, 667, 671, 161, 417, 163, 675, 164, 165, 421, 422, 678, 167, 168, 427, 174, 179, 693, 183, 695, 442, 698, 699, 188, 700, 191, 448, 704, 706, 197, 709, 454, 710, 711, 456, 457, 714, 459, 208, 724, 727, 473, 730, 219, 731, 220, 482, 483, 484, 740, 485, 487, 232, 233, 489, 490, 235, 239, 496, 242, 757, 761, 764, 254, 510]
r19_l: [512, 514, 517, 7, 521, 522, 523, 524, 13, 20, 22, 23, 24, 26, 32, 544, 546, 547, 549, 38, 550, 39, 551, 40, 42, 555, 45, 557, 48, 560, 562, 563, 565, 55, 56, 57, 571, 572, 61, 574, 63, 576, 65, 577, 66, 578, 579, 70, 74, 586, 75, 587, 589, 81, 593, 594, 595, 84, 597, 598, 599, 92, 604, 605, 94, 607, 610, 612, 101, 102, 615, 617, 108, 620, 110, 622, 111, 112, 115, 119, 631, 120, 633, 635, 636, 637, 638, 127, 132, 645, 647, 136, 137, 138, 650, 142, 655, 144, 146, 659, 660, 661, 151, 663, 152, 153, 154, 156, 668, 157, 669, 670, 159, 162, 677, 169, 681, 683, 685, 686, 177, 178, 692, 184, 697, 187, 701, 702, 703, 193, 194, 195, 198, 200, 712, 201, 713, 202, 715, 204, 716, 719, 720, 209, 721, 210, 211, 723, 214, 215, 729, 218, 732, 734, 736, 225, 226, 738, 227, 739, 228, 741, 230, 231, 744, 745, 746, 747, 236, 748, 238, 750, 752, 241, 754, 755, 248, 762, 766, 256, 768, 263, 775, 264, 266, 267, 779, 780, 782, 783, 272, 274, 788, 278, 791, 792, 281, 282, 796, 287, 288, 800, 289, 801, 290, 292, 293, 805, 297, 809, 811, 301, 302, 815, 304, 307, 819, 308, 309, 821, 823, 312, 824, 825, 315, 827, 829, 318, 322, 834, 323, 836, 837, 326, 327, 840, 842, 844, 845, 338, 339, 853, 342, 854, 855, 344, 345, 858, 347, 348, 349, 862, 351, 867, 356, 868, 357, 359, 361, 877, 366, 880, 881, 372, 373, 887, 889, 893, 383, 895, 384, 897, 898, 389, 390, 391, 397, 399, 400, 401, 404, 409, 411, 413, 418, 424, 425, 426, 428, 433, 437, 439, 444, 445, 449, 450, 455, 462, 464, 465, 466, 468, 479, 491, 497, 499, 500, 502, 503, 504, 511]
r19_r: [0, 1, 769, 773, 518, 10, 268, 14, 270, 526, 15, 527, 16, 273, 785, 18, 786, 275, 531, 787, 536, 27, 284, 541, 286, 542, 798, 799, 291, 36, 548, 552, 41, 810, 44, 813, 814, 559, 49, 305, 817, 306, 820, 566, 567, 313, 569, 314, 570, 826, 59, 316, 828, 317, 62, 319, 67, 68, 838, 71, 328, 584, 329, 841, 331, 76, 588, 343, 856, 859, 860, 350, 863, 352, 866, 355, 869, 614, 104, 106, 362, 107, 876, 365, 621, 879, 369, 625, 114, 882, 627, 883, 628, 884, 629, 374, 630, 376, 632, 121, 122, 123, 381, 896, 129, 386, 131, 133, 135, 648, 140, 653, 398, 143, 657, 658, 662, 664, 414, 417, 163, 675, 164, 165, 422, 678, 167, 427, 172, 688, 179, 693, 695, 442, 698, 699, 191, 192, 704, 706, 197, 711, 457, 714, 203, 724, 470, 473, 474, 219, 475, 731, 220, 223, 481, 484, 233, 235, 239, 495, 240, 496, 242, 244, 757, 247, 764, 254, 510]
r20_l: [776, 267, 523, 779, 782, 271, 783, 272, 274, 22, 278, 790, 535, 791, 280, 792, 25, 26, 796, 290, 547, 293, 294, 551, 807, 42, 555, 301, 819, 821, 823, 825, 577, 578, 834, 579, 837, 327, 587, 845, 82, 338, 84, 854, 858, 347, 605, 611, 867, 357, 359, 108, 109, 111, 370, 373, 887, 888, 124, 638, 640, 897, 389, 134, 390, 393, 394, 650, 397, 142, 400, 661, 152, 408, 409, 154, 156, 670, 159, 418, 166, 169, 425, 683, 428, 686, 433, 435, 180, 692, 184, 696, 697, 187, 703, 196, 202, 715, 716, 205, 462, 721, 210, 723, 468, 215, 733, 734, 736, 737, 226, 227, 234, 491, 236, 241, 753, 243, 755, 503, 504]
r20_r: [0, 4, 518, 519, 520, 11, 14, 15, 16, 18, 530, 531, 534, 536, 29, 30, 542, 545, 36, 552, 553, 43, 559, 51, 564, 566, 567, 568, 569, 570, 59, 60, 573, 62, 67, 68, 69, 71, 584, 585, 76, 588, 78, 590, 600, 89, 95, 609, 103, 616, 107, 621, 623, 625, 114, 627, 628, 629, 630, 122, 123, 125, 126, 129, 131, 133, 135, 648, 139, 651, 140, 652, 654, 145, 657, 658, 149, 150, 662, 666, 667, 158, 671, 161, 163, 675, 164, 165, 678, 167, 168, 682, 171, 174, 179, 693, 183, 695, 185, 698, 699, 188, 700, 191, 704, 706, 197, 709, 710, 711, 714, 717, 206, 208, 724, 727, 730, 219, 731, 220, 740, 742, 232, 233, 235, 239, 242, 757, 246, 758, 761, 252, 764, 253, 254, 769, 265, 777, 270, 784, 273, 786, 275, 276, 277, 789, 284, 286, 798, 799, 291, 803, 810, 299, 813, 814, 303, 817, 306, 820, 314, 826, 316, 828, 320, 324, 838, 329, 330, 331, 336, 341, 343, 856, 350, 863, 352, 353, 866, 869, 870, 362, 874, 876, 365, 879, 369, 882, 883, 884, 376, 891, 892, 381, 896, 406, 410, 417, 421, 422, 427, 442, 448, 454, 456, 457, 459, 463, 473, 477, 482, 483, 484, 485, 487, 489, 490, 496, 510]
r21_l: [512, 514, 517, 7, 521, 522, 523, 524, 13, 20, 22, 23, 535, 24, 25, 26, 32, 544, 546, 547, 549, 38, 550, 39, 551, 40, 42, 555, 557, 558, 48, 560, 562, 563, 565, 55, 56, 57, 58, 571, 572, 61, 574, 63, 576, 65, 577, 66, 578, 579, 70, 74, 586, 75, 587, 589, 81, 593, 82, 594, 595, 84, 597, 598, 599, 90, 92, 604, 605, 94, 607, 610, 611, 100, 612, 101, 615, 105, 617, 108, 620, 109, 110, 622, 111, 112, 115, 119, 631, 120, 633, 635, 124, 636, 637, 638, 640, 132, 645, 134, 646, 647, 136, 137, 649, 138, 650, 142, 655, 144, 146, 659, 660, 661, 151, 663, 152, 153, 665, 154, 156, 668, 157, 669, 670, 159, 162, 674, 677, 169, 681, 683, 685, 686, 177, 178, 180, 692, 184, 696, 697, 186, 187, 701, 702, 703, 193, 194, 198, 200, 712, 201, 713, 202, 715, 204, 716, 205, 719, 720, 209, 721, 210, 722, 211, 723, 214, 215, 729, 218, 732, 221, 734, 736, 225, 226, 738, 227, 739, 228, 741, 230, 231, 744, 745, 746, 747, 236, 748, 749, 238, 750, 752, 241, 753, 754, 243, 755, 248, 762, 766, 255, 256, 768, 259, 771, 263, 775, 264, 776, 266, 267, 779, 780, 782, 783, 272, 274, 788, 278, 790, 791, 280, 792, 281, 282, 796, 287, 288, 800, 289, 801, 290, 292, 293, 805, 294, 811, 300, 301, 302, 815, 304, 307, 819, 308, 309, 821, 823, 312, 824, 825, 315, 827, 829, 318, 832, 322, 834, 323, 836, 837, 326, 327, 840, 842, 332, 844, 845, 335, 338, 339, 340, 853, 342, 854, 855, 344, 345, 858, 347, 348, 349, 862, 351, 867, 356, 868, 357, 359, 361, 877, 366, 880, 881, 370, 372, 373, 375, 887, 888, 889, 893, 383, 895, 897, 898, 899, 388, 389, 390, 391, 393, 394, 397, 399, 400, 401, 404, 407, 408, 409, 411, 413, 418, 419, 423, 424, 425, 426, 428, 430, 433, 437, 444, 445, 449, 453, 455, 462, 465, 466, 468, 472, 479, 491, 497, 499, 500, 502, 503, 504, 511]
r21_r: [0, 513, 4, 518, 520, 11, 14, 15, 16, 17, 18, 531, 534, 536, 29, 30, 542, 34, 36, 552, 43, 559, 51, 564, 566, 567, 568, 569, 570, 59, 60, 62, 67, 68, 580, 584, 585, 76, 588, 78, 80, 95, 103, 107, 621, 623, 625, 114, 627, 628, 629, 630, 122, 123, 125, 126, 131, 643, 133, 135, 648, 139, 140, 652, 657, 658, 149, 662, 666, 155, 667, 671, 672, 161, 163, 675, 164, 676, 165, 678, 167, 168, 682, 174, 689, 179, 693, 183, 695, 698, 699, 188, 700, 191, 704, 706, 197, 709, 710, 199, 711, 714, 208, 724, 725, 727, 216, 730, 219, 731, 220, 222, 740, 742, 232, 233, 235, 239, 242, 757, 249, 761, 251, 764, 765, 254, 769, 265, 777, 269, 270, 273, 786, 275, 276, 789, 284, 286, 798, 799, 291, 810, 813, 814, 303, 817, 306, 820, 310, 314, 826, 316, 828, 320, 324, 838, 329, 330, 331, 846, 336, 341, 343, 856, 350, 863, 352, 353, 866, 869, 362, 875, 364, 876, 365, 879, 369, 882, 371, 883, 884, 376, 891, 892, 381, 896, 410, 415, 417, 420, 421, 422, 427, 442, 443, 448, 454, 456, 457, 458, 459, 473, 482, 483, 484, 485, 487, 489, 490, 496, 510]
r22_l: [512, 514, 517, 7, 8, 521, 522, 523, 524, 13, 525, 19, 20, 533, 23, 24, 26, 32, 544, 546, 547, 549, 38, 550, 39, 551, 40, 42, 554, 45, 557, 48, 560, 562, 563, 565, 55, 56, 57, 571, 572, 61, 574, 63, 576, 65, 577, 66, 578, 579, 581, 70, 73, 74, 586, 75, 587, 589, 592, 81, 593, 594, 83, 595, 84, 596, 597, 598, 599, 92, 604, 93, 605, 94, 607, 610, 612, 101, 102, 615, 617, 618, 108, 620, 109, 110, 622, 111, 112, 115, 119, 631, 120, 633, 635, 636, 637, 638, 127, 132, 645, 647, 136, 137, 138, 650, 142, 655, 144, 146, 147, 659, 660, 661, 151, 663, 152, 153, 154, 156, 668, 157, 669, 670, 159, 162, 677, 169, 681, 683, 686, 177, 178, 692, 694, 184, 696, 697, 187, 701, 702, 703, 193, 194, 195, 198, 200, 712, 201, 713, 202, 715, 204, 716, 719, 720, 209, 721, 210, 211, 723, 213, 214, 215, 729, 218, 732, 734, 736, 225, 226, 738, 227, 228, 741, 230, 231, 744, 745, 746, 747, 236, 748, 238, 750, 752, 241, 754, 755, 245, 248, 762, 766, 256, 768, 258, 260, 772, 261, 263, 775, 264, 266, 267, 779, 780, 782, 783, 272, 274, 788, 278, 791, 792, 281, 282, 796, 287, 288, 800, 289, 801, 290, 292, 293, 805, 806, 296, 297, 809, 811, 812, 301, 302, 815, 304, 307, 819, 308, 309, 821, 823, 312, 824, 825, 315, 827, 829, 318, 832, 322, 834, 323, 836, 837, 327, 840, 842, 332, 844, 845, 338, 339, 853, 342, 854, 855, 344, 345, 346, 858, 347, 348, 349, 862, 351, 864, 867, 356, 868, 357, 359, 361, 366, 880, 881, 372, 373, 887, 889, 379, 380, 893, 383, 895, 384, 897, 898, 389, 390, 391, 392, 397, 399, 400, 401, 403, 407, 409, 411, 413, 418, 424, 425, 426, 428, 430, 433, 437, 439, 444, 445, 449, 450, 455, 462, 464, 465, 466, 468, 479, 491, 497, 499, 500, 502, 503, 504, 508, 511]
r22_r: [0, 1, 515, 4, 518, 520, 11, 14, 15, 527, 16, 529, 18, 27, 539, 29, 541, 30, 542, 31, 33, 34, 552, 41, 43, 49, 51, 564, 54, 566, 567, 568, 569, 59, 60, 64, 67, 68, 580, 582, 584, 585, 76, 588, 80, 86, 88, 603, 606, 95, 614, 106, 107, 621, 624, 114, 627, 116, 628, 630, 121, 122, 125, 126, 639, 643, 135, 648, 140, 653, 656, 657, 658, 149, 662, 664, 666, 155, 667, 671, 160, 161, 163, 675, 164, 165, 678, 167, 168, 682, 171, 172, 688, 689, 179, 693, 183, 698, 699, 700, 190, 708, 197, 709, 710, 199, 711, 714, 203, 718, 208, 724, 725, 726, 727, 216, 219, 731, 220, 223, 742, 232, 233, 751, 240, 242, 244, 756, 757, 247, 761, 764, 254, 767, 769, 265, 268, 786, 275, 787, 276, 789, 283, 799, 291, 810, 813, 814, 303, 816, 305, 817, 820, 314, 316, 828, 317, 319, 831, 320, 835, 324, 325, 838, 839, 328, 329, 331, 846, 336, 848, 341, 856, 350, 863, 353, 866, 355, 869, 875, 876, 878, 879, 369, 371, 883, 884, 374, 886, 896, 387, 398, 414, 415, 417, 420, 421, 422, 429, 431, 436, 442, 443, 448, 454, 456, 458, 459, 469, 473, 475, 481, 482, 483, 485, 486, 487, 489, 490, 496, 510]
r23_l: [7, 8, 13, 19, 20, 22, 23, 24, 25, 26, 32, 38, 39, 40, 42, 45, 48, 50, 55, 56, 57, 58, 61, 63, 65, 66, 70, 73, 74, 75, 81, 82, 83, 84, 85, 90, 92, 93, 94, 96, 99, 100, 101, 102, 105, 108, 109, 110, 111, 112, 115, 117, 119, 120, 124, 127, 132, 134, 136, 137, 138, 142, 144, 146, 147, 151, 152, 153, 154, 156, 157, 159, 162, 166, 169, 170, 177, 178, 180, 184, 186, 187, 193, 194, 195, 196, 198, 200, 201, 202, 204, 205, 209, 210, 211, 213, 214, 215, 218, 221, 225, 226, 227, 228, 230, 231, 234, 236, 238, 241, 243, 245, 248, 255, 256, 258, 259, 260, 261, 263, 264, 266, 267, 271, 272, 274, 278, 279, 280, 281, 282, 287, 288, 289, 290, 292, 293, 294, 296, 297, 300, 301, 302, 304, 307, 308, 309, 312, 315, 318, 322, 323, 326, 327, 332, 333, 335, 338, 339, 340, 342, 344, 345, 346, 347, 348, 349, 351, 356, 357, 359, 360, 361, 366, 370, 372, 373, 375, 379, 380, 383, 384, 388, 389, 390, 391, 392, 393, 394, 395, 397, 399, 400, 401, 403, 404, 407, 408, 409, 411, 412, 413, 416, 418, 419, 423, 424, 425, 426, 428, 430, 433, 435, 437, 439, 440, 444, 445, 449, 450, 451, 453, 455, 460, 462, 464, 465, 466, 468, 471, 472, 479, 491, 494, 497, 499, 500, 502, 503, 504, 508, 511, 512, 514, 517, 521, 522, 523, 524, 525, 528, 533, 535, 537, 544, 546, 547, 549, 550, 551, 554, 555, 557, 558, 560, 562, 563, 565, 571, 572, 574, 576, 577, 578, 579, 581, 583, 586, 587, 589, 592, 593, 594, 595, 596, 597, 598, 599, 601, 604, 605, 607, 610, 611, 612, 615, 617, 618, 619, 620, 622, 631, 633, 635, 636, 637, 638, 640, 641, 644, 645, 646, 647, 649, 650, 655, 659, 660, 661, 663, 665, 668, 669, 670, 674, 677, 681, 683, 685, 686, 692, 694, 696, 697, 701, 702, 703, 712, 713, 715, 716, 719, 720, 721, 722, 723, 729, 732, 733, 734, 736, 737, 738, 739, 741, 744, 745, 746, 747, 748, 749, 750, 752, 753, 754, 755, 762, 766, 768, 771, 772, 775, 776, 779, 780, 782, 783, 788, 790, 791, 792, 794, 796, 800, 801, 805, 806, 807, 811, 812, 815, 819, 821, 822, 823, 824, 825, 827, 829, 832, 834, 836, 837, 840, 842, 844, 845, 849, 853, 854, 855, 857, 858, 861, 862, 864, 867, 868, 873, 877, 880, 881, 887, 888, 889, 893, 895, 897, 898, 899]
r23_r: [770, 519, 520, 265, 270, 15, 16, 18, 275, 531, 277, 534, 536, 30, 286, 542, 799, 34, 36, 553, 43, 813, 814, 559, 817, 51, 564, 566, 60, 573, 62, 67, 68, 324, 580, 838, 71, 329, 585, 588, 78, 846, 80, 336, 343, 600, 856, 353, 866, 613, 869, 870, 103, 616, 362, 874, 875, 364, 365, 879, 369, 630, 129, 131, 643, 133, 135, 648, 139, 140, 654, 145, 150, 406, 672, 161, 417, 675, 164, 420, 165, 678, 167, 168, 682, 171, 689, 693, 442, 698, 197, 709, 199, 458, 714, 717, 725, 730, 731, 224, 480, 482, 483, 484, 742, 487, 489, 235, 751, 242, 246, 249, 251, 765, 254]
