r1_l: [3, 69, 6, 7, 135, 75, 77, 18, 82, 19, 84, 155, 156, 93, 95, 96, 33, 98, 108, 45, 112, 116, 118, 120, 58, 122, 123, 60, 124, 125, 126]
r1_r: [0, 1, 2, 4, 5, 8, 9, 10, 11, 12, 14, 16, 17, 20, 21, 22, 23, 24, 25, 27, 28, 29, 30, 31, 32, 34, 35, 36, 37, 39, 41, 42, 43, 44, 46, 47, 48, 49, 50, 51, 52, 55, 56, 57, 59, 61, 62, 63, 65, 66, 67, 68, 70, 71, 72, 73, 74, 78, 79, 81, 83, 86, 87, 89, 90, 91, 92, 94, 97, 99, 100, 101, 102, 103, 104, 105, 106, 107, 110, 114, 115, 117, 119, 121, 127, 128, 129, 130, 132, 133, 134, 136, 137, 138, 139, 140, 141, 142, 144, 145, 147, 148, 149, 150, 151, 152, 153, 154, 157, 158, 159, 160, 161, 163, 164, 165, 166, 167]
r2_l: [0, 1, 65, 3, 67, 5, 69, 70, 135, 72, 73, 139, 12, 140, 77, 142, 80, 146, 84, 148, 85, 23, 26, 154, 161, 98, 164, 38, 40, 45, 115, 53, 54, 118, 57, 121, 58, 122, 59, 123, 124, 61, 125, 126]
r2_r: [132, 8, 136, 9, 10, 138, 13, 16, 145, 18, 147, 21, 149, 150, 24, 152, 153, 28, 156, 29, 158, 31, 159, 160, 163, 36, 165, 167, 47, 49, 52, 55, 62, 63, 64, 66, 74, 76, 78, 83, 86, 88, 89, 91, 92, 97, 99, 101, 102, 104, 106, 107, 108, 111, 113, 114, 117, 120]
r3_l: [3, 131, 5, 6, 7, 135, 136, 137, 10, 138, 139, 12, 140, 13, 15, 143, 18, 146, 19, 20, 22, 152, 27, 155, 156, 31, 159, 33, 163, 36, 164, 37, 167, 41, 42, 45, 46, 54, 56, 58, 59, 60, 61, 64, 65, 66, 67, 68, 69, 75, 76, 77, 80, 82, 84, 87, 95, 96, 98, 106, 108, 111, 112, 113, 116, 118, 120, 122, 123, 124, 125, 126]
r3_r: [0, 128, 1, 129, 2, 130, 4, 133, 134, 8, 9, 11, 141, 14, 142, 16, 144, 17, 145, 147, 148, 21, 149, 23, 151, 24, 25, 153, 26, 154, 28, 29, 157, 30, 158, 32, 160, 161, 34, 162, 35, 165, 166, 39, 43, 44, 47, 48, 49, 50, 51, 52, 53, 55, 57, 62, 63, 70, 71, 72, 73, 74, 78, 79, 81, 83, 85, 86, 89, 90, 91, 92, 94, 97, 99, 100, 101, 102, 103, 104, 105, 107, 109, 110, 114, 115, 117, 119, 121, 127]
r4_l: [129, 131, 4, 68, 71, 8, 11, 141, 78, 16, 144, 17, 81, 83, 147, 21, 149, 22, 150, 24, 153, 92, 158, 31, 160, 34, 35, 102, 39, 103, 104, 41, 107, 47, 48, 49, 50, 114, 51, 52, 117, 55, 56, 120, 127]
r4_r: [128, 1, 3, 5, 133, 7, 135, 137, 139, 12, 14, 142, 15, 143, 19, 20, 148, 23, 151, 25, 27, 155, 30, 32, 164, 37, 38, 40, 43, 44, 45, 46, 54, 57, 58, 59, 60, 67, 69, 72, 77, 79, 82, 84, 87, 90, 95, 96, 98, 100, 105, 110, 115, 116, 122, 123, 124, 125, 126]
r5_l: [128, 1, 129, 2, 130, 4, 132, 134, 8, 9, 11, 141, 14, 16, 144, 17, 145, 147, 148, 21, 149, 23, 24, 25, 153, 154, 28, 29, 157, 30, 158, 32, 160, 161, 34, 35, 166, 39, 44, 47, 48, 49, 50, 51, 52, 55, 57, 62, 63, 70, 71, 72, 73, 74, 78, 81, 83, 86, 89, 90, 92, 94, 97, 99, 100, 101, 102, 103, 105, 107, 110, 114, 117, 119, 127]
r5_r: [131, 68, 69, 7, 135, 136, 138, 140, 13, 77, 15, 80, 18, 82, 19, 84, 156, 95, 96, 33, 42, 108, 112, 116, 120, 122, 123, 60, 124, 61, 125, 126]
