r1_l: [1, 67, 131, 4, 132, 5, 70, 73, 137, 74, 76, 17, 145, 86, 92, 33, 98, 164, 42, 112, 115, 54, 55, 120, 121, 122, 123, 60, 124, 62]
r1_r: [0, 128, 130, 6, 134, 7, 135, 8, 136, 9, 139, 140, 13, 142, 15, 144, 18, 146, 19, 148, 21, 149, 150, 151, 24, 25, 26, 27, 155, 28, 158, 159, 32, 161, 163, 37, 165, 38, 166, 39, 167, 40, 41, 43, 44, 48, 51, 56, 57, 58, 59, 61, 63, 66, 68, 69, 71, 75, 79, 80, 81, 82, 83, 84, 85, 91, 93, 95, 96, 97, 99, 100, 101, 102, 103, 106, 108, 111, 114, 116, 118, 126]
r2_l: [1, 3, 131, 4, 132, 5, 137, 10, 138, 11, 141, 143, 17, 145, 147, 20, 23, 153, 156, 29, 30, 160, 33, 34, 162, 36, 164, 42, 45, 46, 49, 52, 53, 54, 55, 60, 62, 65, 67, 70, 72, 73, 74, 76, 78, 86, 89, 92, 94, 98, 105, 112, 115, 119, 120, 121, 122, 123, 124, 127]
r2_r: [0, 128, 130, 6, 134, 7, 135, 8, 136, 9, 139, 140, 13, 142, 15, 144, 146, 19, 148, 21, 149, 150, 151, 24, 25, 26, 27, 155, 28, 158, 159, 32, 161, 163, 37, 165, 38, 166, 39, 167, 40, 41, 43, 44, 48, 51, 58, 59, 61, 63, 66, 68, 69, 71, 75, 79, 80, 81, 82, 83, 84, 85, 91, 93, 95, 96, 97, 99, 100, 101, 102, 106, 108, 111, 114, 116, 118, 126]
r3_l: [2, 6, 71, 10, 75, 15, 79, 143, 18, 146, 148, 21, 85, 151, 24, 152, 28, 157, 159, 96, 35, 100, 103, 44, 45, 46, 111, 48, 50, 114, 117, 118, 56, 125, 127]
r3_r: [1, 3, 131, 135, 137, 11, 139, 140, 13, 141, 14, 142, 147, 20, 22, 25, 154, 27, 29, 34, 36, 164, 39, 41, 42, 43, 49, 52, 53, 54, 62, 70, 74, 76, 80, 82, 88, 90, 92, 94, 98, 101, 106, 107, 112, 113, 120, 121, 122, 123, 124, 126]
r4_l: [1, 129, 131, 4, 132, 5, 134, 136, 9, 139, 12, 13, 14, 142, 16, 17, 145, 18, 154, 155, 158, 31, 32, 33, 163, 164, 38, 42, 51, 53, 54, 55, 58, 62, 63, 67, 68, 70, 73, 74, 76, 86, 88, 90, 92, 98, 102, 104, 107, 108, 109, 110, 113, 115, 117, 118, 120, 121, 122, 123, 124]
r4_r: [0, 128, 2, 3, 133, 6, 7, 8, 137, 10, 138, 11, 141, 15, 143, 144, 146, 19, 147, 20, 149, 22, 150, 23, 151, 24, 152, 25, 153, 26, 27, 28, 156, 29, 157, 159, 160, 161, 162, 35, 37, 165, 166, 39, 167, 40, 41, 43, 44, 45, 46, 47, 48, 49, 50, 52, 56, 57, 59, 60, 61, 64, 66, 69, 71, 72, 75, 77, 79, 81, 82, 83, 84, 85, 87, 89, 91, 93, 94, 95, 96, 97, 99, 100, 101, 103, 105, 106, 111, 112, 114, 116, 119, 125, 126, 127]
r5_l: [0, 128, 2, 133, 6, 7, 8, 10, 13, 15, 143, 144, 18, 146, 147, 20, 22, 23, 151, 24, 152, 153, 26, 27, 156, 29, 157, 159, 160, 161, 35, 166, 41, 44, 45, 46, 47, 48, 50, 52, 56, 57, 59, 64, 65, 66, 71, 75, 79, 81, 82, 83, 85, 87, 89, 91, 93, 94, 95, 96, 97, 99, 101, 103, 105, 106, 111, 114, 116, 125, 126, 127]
r5_r: [1, 129, 4, 70, 134, 136, 139, 14, 17, 154, 155, 92, 31, 98, 38, 40, 107, 109, 110, 113, 51, 53, 117, 54, 120, 121, 122, 123, 124, 63]
