r1_l: [66, 4, 260, 69, 133, 199, 13, 79, 144, 17, 209, 273, 146, 83, 275, 84, 95, 223, 224, 99, 40, 41, 48, 178, 116, 54, 182, 55, 125, 126]
r1_r: [0, 1, 257, 2, 258, 3, 261, 6, 262, 7, 263, 264, 9, 266, 267, 12, 269, 14, 15, 271, 16, 18, 274, 20, 22, 23, 26, 27, 28, 29, 30, 31, 32, 33, 34, 35, 36, 37, 38, 39, 43, 44, 49, 50, 52, 53, 56, 59, 60, 61, 62, 64, 65, 67, 68, 70, 71, 72, 73, 75, 76, 78, 80, 81, 82, 85, 86, 87, 89, 90, 91, 92, 94, 96, 97, 98, 100, 101, 103, 104, 105, 106, 107, 108, 109, 110, 111, 112, 113, 114, 115, 117, 118, 119, 120, 121, 123, 129, 130, 132, 134, 135, 137, 138, 139, 140, 141, 142, 145, 147, 148, 149, 151, 152, 154, 156, 158, 159, 160, 162, 165, 166, 167, 169, 170, 171, 172, 173, 176, 177, 179, 180, 181, 183, 184, 185, 186, 187, 188, 189, 190, 191, 192, 193, 194, 195, 196, 200, 201, 202, 203, 204, 207, 208, 210, 211, 212, 213, 214, 215, 217, 218, 220, 222, 225, 226, 228, 229, 232, 233, 234, 235, 239, 240, 242, 243, 244, 247, 248, 249, 250, 252, 253, 255]
r2_l: [128, 256, 131, 259, 4, 5, 133, 136, 10, 11, 268, 13, 270, 144, 272, 17, 273, 146, 19, 275, 276, 21, 25, 153, 157, 161, 163, 164, 168, 41, 42, 45, 174, 47, 48, 178, 54, 182, 55, 69, 198, 199, 77, 205, 206, 79, 209, 83, 84, 216, 219, 221, 95, 223, 224, 99, 227, 102, 230, 236, 237, 241, 116, 245, 246, 122, 251, 124, 125, 126, 254]
r2_r: [0, 1, 257, 2, 258, 3, 261, 6, 262, 7, 263, 264, 9, 266, 267, 12, 269, 14, 15, 271, 16, 18, 274, 20, 22, 23, 26, 27, 28, 29, 30, 31, 32, 33, 34, 35, 36, 37, 38, 39, 43, 44, 49, 50, 52, 53, 56, 59, 60, 61, 62, 64, 65, 67, 68, 70, 71, 72, 73, 75, 76, 78, 80, 81, 82, 85, 86, 87, 89, 90, 91, 92, 94, 96, 97, 98, 100, 101, 103, 104, 105, 106, 107, 108, 109, 110, 111, 112, 113, 114, 115, 117, 118, 119, 120, 121, 123, 129, 130, 132, 134, 135, 137, 138, 139, 140, 141, 142, 145, 147, 148, 149, 151, 152, 154, 156, 158, 159, 160, 162, 165, 166, 167, 169, 170, 171, 172, 173, 176, 177, 179, 180, 181, 183, 184, 185, 186, 187, 188, 189, 190, 191, 192, 193, 194, 195, 196, 200, 201, 202, 203, 204, 207, 208, 210, 211, 212, 213, 214, 215, 217, 218, 220, 222, 225, 226, 228, 229, 232, 233, 234, 235, 239, 240, 242, 243, 244, 247, 248, 249, 250, 252, 253, 255]
r3_l: [258, 133, 261, 9, 138, 139, 267, 13, 271, 144, 17, 145, 273, 146, 275, 23, 158, 31, 33, 35, 38, 39, 41, 172, 48, 176, 178, 52, 188, 62, 69, 70, 71, 199, 200, 73, 201, 76, 78, 79, 207, 209, 83, 211, 84, 86, 215, 91, 98, 226, 99, 104, 113, 116, 117, 123, 253]
r3_r: [0, 256, 1, 257, 5, 6, 262, 7, 263, 264, 10, 266, 11, 268, 269, 14, 15, 16, 272, 18, 274, 19, 20, 276, 21, 22, 25, 26, 27, 28, 32, 37, 42, 43, 44, 45, 47, 49, 53, 57, 59, 61, 64, 65, 68, 72, 74, 75, 77, 80, 81, 82, 85, 87, 88, 90, 92, 93, 94, 97, 100, 101, 102, 103, 106, 107, 109, 110, 111, 112, 118, 119, 120, 121, 122, 124, 127, 128, 129, 130, 131, 132, 134, 135, 136, 137, 141, 142, 143, 147, 148, 149, 151, 152, 153, 154, 156, 157, 159, 160, 161, 163, 164, 165, 166, 167, 168, 169, 171, 173, 174, 177, 179, 180, 183, 185, 187, 189, 190, 191, 192, 193, 194, 195, 196, 197, 198, 202, 204, 208, 214, 216, 218, 219, 220, 222, 225, 227, 228, 229, 230, 232, 234, 235, 236, 237, 239, 240, 241, 242, 243, 244, 245, 246, 247, 249, 250, 251, 252, 254, 255]
r4_l: [2, 258, 3, 261, 9, 138, 139, 267, 12, 140, 271, 145, 23, 29, 30, 158, 31, 33, 34, 162, 35, 36, 38, 39, 170, 172, 176, 50, 52, 181, 56, 184, 186, 60, 188, 62, 67, 70, 71, 200, 73, 201, 203, 76, 78, 207, 210, 211, 212, 213, 86, 215, 89, 217, 91, 96, 98, 226, 104, 105, 233, 108, 113, 114, 115, 117, 248, 123, 253]
r4_r: [128, 131, 260, 5, 136, 10, 11, 268, 13, 143, 144, 17, 273, 19, 275, 276, 21, 153, 157, 161, 163, 164, 40, 168, 41, 42, 45, 174, 178, 54, 55, 69, 198, 74, 79, 83, 84, 88, 219, 95, 224, 99, 227, 102, 230, 236, 237, 241, 116, 246, 122, 251, 124, 125, 126, 254, 127]
r5_l: [64, 193, 3, 67, 195, 196, 134, 71, 8, 200, 139, 203, 141, 16, 80, 81, 274, 22, 86, 150, 214, 217, 27, 222, 32, 35, 229, 231, 169, 107, 44, 109, 46, 49, 114, 51, 243, 52, 180, 250, 60, 190, 63]
r5_r: [132, 133, 199, 9, 137, 74, 12, 268, 142, 79, 17, 145, 273, 147, 215, 88, 153, 26, 218, 92, 156, 29, 93, 221, 33, 34, 227, 166, 40, 233, 43, 116, 181, 184, 248, 121, 127]
r6_l: [132, 262, 9, 137, 12, 269, 142, 145, 147, 20, 149, 26, 156, 29, 158, 31, 159, 33, 34, 37, 165, 166, 39, 43, 173, 53, 181, 56, 184, 61, 68, 70, 73, 213, 215, 218, 91, 92, 97, 226, 100, 228, 101, 104, 233, 234, 108, 112, 118, 248, 121, 252, 253]
r6_r: [130, 3, 131, 259, 4, 5, 134, 7, 135, 8, 11, 139, 141, 16, 272, 18, 146, 274, 275, 22, 151, 152, 25, 27, 32, 35, 38, 169, 44, 175, 49, 177, 51, 52, 180, 57, 59, 60, 190, 63, 191, 64, 193, 67, 195, 196, 69, 71, 200, 201, 203, 77, 206, 80, 81, 209, 82, 86, 214, 216, 217, 219, 94, 222, 95, 224, 225, 99, 229, 107, 236, 109, 238, 241, 114, 243, 119, 122, 250, 124, 125, 126]
r7_l: [130, 3, 6, 134, 7, 135, 8, 266, 139, 267, 141, 15, 271, 16, 18, 274, 22, 150, 151, 152, 27, 32, 160, 162, 35, 38, 169, 44, 46, 49, 177, 50, 51, 52, 180, 58, 59, 60, 190, 63, 191, 64, 65, 193, 67, 195, 196, 71, 200, 201, 75, 203, 204, 80, 81, 82, 212, 86, 214, 217, 94, 222, 225, 229, 103, 231, 107, 235, 109, 110, 111, 240, 113, 114, 243, 244, 119, 247, 120, 250, 255]
r7_r: [128, 260, 198, 136, 10, 74, 268, 13, 79, 143, 144, 17, 273, 19, 83, 276, 21, 88, 153, 157, 227, 102, 230, 40, 42, 237, 174, 178, 116, 54, 55, 254, 127]
