r1_l: [65, 66, 130, 6, 134, 74, 12, 204, 142, 16, 17, 83, 212, 22, 25, 159, 225, 226, 227, 100, 38, 104, 168, 105, 108, 111, 50, 53, 56, 187]
r1_r: [1, 131, 4, 5, 7, 135, 136, 9, 10, 138, 11, 13, 15, 18, 146, 147, 21, 149, 150, 23, 153, 26, 154, 27, 155, 156, 30, 161, 34, 162, 36, 164, 165, 39, 167, 40, 41, 42, 170, 171, 45, 48, 176, 178, 179, 180, 182, 55, 57, 185, 186, 59, 190, 67, 68, 69, 197, 70, 198, 71, 199, 72, 200, 203, 76, 77, 79, 80, 208, 82, 210, 84, 86, 214, 215, 216, 219, 92, 93, 95, 223, 224, 228, 229, 102, 230, 232, 106, 109, 114, 117, 118, 120, 121, 122, 123]
r2_l: [128, 5, 199, 73, 138, 205, 14, 209, 149, 23, 215, 26, 92, 156, 32, 96, 162, 35, 163, 228, 165, 230, 103, 232, 106, 114, 181, 119, 57, 122]
r2_r: [131, 4, 133, 134, 9, 13, 16, 18, 146, 147, 21, 22, 150, 25, 154, 155, 28, 159, 161, 34, 36, 38, 39, 40, 168, 41, 176, 50, 178, 179, 53, 182, 55, 56, 185, 59, 61, 189, 192, 65, 66, 68, 69, 197, 72, 203, 76, 204, 77, 79, 207, 81, 210, 83, 212, 216, 219, 224, 227, 100, 229, 231, 104, 105, 108, 109, 118, 121, 123]
r3_l: [130, 4, 6, 134, 10, 12, 142, 16, 17, 146, 147, 22, 150, 23, 25, 154, 155, 159, 162, 36, 164, 38, 39, 40, 168, 170, 176, 50, 178, 53, 182, 55, 56, 185, 186, 59, 187, 190, 65, 66, 70, 71, 199, 72, 74, 204, 83, 212, 216, 219, 95, 225, 226, 227, 100, 229, 102, 104, 105, 108, 117, 121]
r3_r: [128, 192, 1, 129, 67, 131, 133, 73, 75, 13, 14, 78, 206, 79, 81, 82, 210, 215, 26, 90, 92, 224, 161, 34, 98, 99, 163, 103, 167, 106, 45, 180, 181, 57, 123]
r4_l: [128, 129, 5, 7, 135, 8, 10, 138, 11, 14, 15, 20, 149, 23, 24, 153, 26, 27, 156, 31, 32, 162, 35, 163, 164, 37, 165, 167, 42, 170, 48, 181, 183, 57, 186, 63, 70, 71, 199, 200, 73, 74, 205, 78, 206, 80, 209, 84, 86, 214, 87, 215, 90, 92, 93, 95, 223, 96, 224, 99, 228, 230, 103, 232, 106, 114, 119, 122]
r4_r: [1, 130, 131, 4, 132, 133, 6, 134, 139, 12, 13, 141, 17, 146, 22, 150, 154, 155, 29, 158, 159, 161, 34, 36, 38, 39, 171, 45, 174, 47, 175, 49, 50, 52, 180, 53, 54, 55, 56, 185, 187, 190, 64, 192, 65, 194, 67, 195, 68, 75, 203, 204, 77, 81, 82, 210, 83, 211, 212, 213, 91, 219, 221, 222, 224, 225, 98, 226, 227, 100, 102, 105, 108, 111, 115, 116, 117, 121, 123, 124, 127]
r5_l: [128, 129, 2, 8, 140, 14, 144, 145, 19, 148, 151, 157, 158, 31, 32, 33, 35, 163, 37, 46, 47, 175, 51, 181, 184, 61, 191, 193, 195, 196, 73, 201, 76, 205, 78, 209, 87, 215, 88, 217, 90, 218, 220, 96, 99, 103, 231, 107, 112, 119, 126, 127]
r5_r: [192, 1, 65, 130, 67, 6, 134, 12, 16, 81, 212, 22, 150, 154, 219, 159, 226, 36, 100, 229, 38, 39, 168, 171, 108, 50, 117, 56, 185, 190]
r6_l: [0, 128, 129, 2, 131, 132, 8, 9, 137, 140, 141, 14, 143, 144, 145, 19, 20, 148, 151, 24, 152, 28, 29, 157, 158, 31, 32, 35, 163, 37, 167, 41, 173, 46, 47, 175, 177, 51, 52, 181, 183, 57, 188, 61, 189, 62, 63, 191, 64, 193, 195, 196, 69, 197, 73, 201, 202, 75, 76, 77, 205, 78, 206, 207, 209, 210, 87, 215, 88, 89, 217, 90, 218, 220, 94, 222, 96, 99, 103, 231, 107, 112, 113, 114, 115, 119, 122, 126, 127]
r6_r: [192, 65, 66, 4, 133, 6, 134, 74, 204, 142, 16, 82, 83, 212, 22, 154, 219, 225, 98, 226, 227, 100, 102, 105, 171, 108, 45, 178, 180, 117, 118, 55, 56, 185, 187]
r7_l: [0, 2, 8, 14, 19, 20, 24, 26, 28, 29, 31, 32, 33, 35, 37, 41, 43, 44, 45, 46, 47, 49, 51, 52, 54, 58, 60, 61, 62, 63, 64, 68, 73, 75, 76, 78, 85, 87, 88, 89, 90, 91, 94, 96, 97, 99, 101, 103, 106, 107, 110, 112, 113, 115, 116, 119, 123, 124, 125, 126, 127, 128, 129, 132, 137, 139, 140, 141, 143, 144, 145, 148, 151, 152, 157, 158, 160, 161, 163, 166, 167, 169, 172, 173, 174, 175, 177, 181, 183, 184, 188, 189, 191, 192, 193, 194, 195, 196, 201, 202, 203, 205, 206, 207, 209, 210, 211, 213, 215, 217, 218, 220, 221, 222, 228, 231]
r7_r: [4, 5, 6, 7, 9, 10, 11, 12, 15, 16, 17, 18, 22, 23, 25, 27, 30, 36, 38, 39, 40, 42, 48, 50, 53, 55, 56, 59, 65, 66, 69, 70, 71, 72, 74, 77, 80, 83, 84, 86, 93, 95, 100, 102, 104, 105, 108, 109, 111, 114, 117, 120, 121, 122, 130, 134, 135, 136, 138, 142, 146, 147, 149, 150, 153, 154, 155, 156, 159, 162, 164, 165, 168, 170, 171, 176, 178, 179, 182, 185, 186, 187, 190, 197, 198, 199, 200, 204, 208, 212, 214, 216, 219, 223, 225, 226, 227, 229, 230, 232]
