r1_l: [194, 195, 69, 133, 200, 13, 142, 207, 145, 18, 213, 215, 152, 153, 219, 157, 221, 158, 100, 39, 168, 48, 52, 53, 184, 185, 59, 124, 127, 191]
r1_r: [0, 1, 3, 4, 5, 6, 7, 8, 11, 15, 16, 17, 19, 20, 22, 23, 28, 29, 30, 31, 32, 33, 34, 35, 37, 41, 42, 43, 44, 45, 47, 49, 50, 55, 57, 58, 61, 63, 64, 65, 66, 67, 68, 70, 71, 76, 79, 80, 81, 84, 85, 87, 88, 91, 94, 95, 97, 98, 99, 104, 109, 111, 112, 117, 118, 119, 121, 122, 123, 125, 129, 134, 136, 140, 141, 143, 146, 151, 160, 161, 162, 163, 166, 167, 173, 175, 176, 180, 181, 182, 183, 189, 190, 192, 196, 197, 198, 202, 205, 206, 210, 211, 212, 214, 217, 220, 222]
r2_l: [128, 133, 135, 10, 139, 13, 142, 145, 18, 148, 21, 152, 153, 154, 157, 158, 159, 164, 38, 39, 168, 171, 46, 48, 51, 52, 53, 54, 56, 184, 185, 186, 59, 187, 60, 191, 193, 194, 195, 69, 199, 72, 200, 74, 208, 82, 83, 213, 215, 216, 90, 219, 221, 96, 100, 108, 120, 124, 127]
r2_r: [0, 1, 3, 4, 5, 6, 7, 8, 11, 15, 16, 17, 19, 20, 22, 23, 28, 29, 30, 31, 32, 33, 34, 35, 37, 41, 42, 43, 44, 45, 47, 49, 50, 55, 57, 58, 61, 63, 64, 65, 66, 67, 68, 70, 71, 76, 79, 80, 81, 84, 85, 87, 88, 91, 94, 95, 97, 98, 99, 103, 104, 109, 111, 112, 117, 118, 119, 121, 122, 123, 125, 129, 134, 136, 140, 141, 143, 146, 151, 160, 161, 162, 163, 166, 167, 173, 175, 176, 180, 181, 182, 183, 189, 190, 192, 196, 197, 198, 202, 205, 206, 210, 211, 212, 214, 217, 220, 222]
r3_l: [133, 135, 8, 137, 10, 139, 13, 142, 17, 145, 18, 146, 20, 24, 152, 153, 157, 30, 158, 31, 32, 160, 33, 36, 164, 37, 38, 39, 168, 41, 169, 46, 48, 178, 51, 52, 183, 56, 184, 185, 58, 59, 187, 60, 188, 62, 190, 191, 193, 194, 195, 68, 69, 199, 72, 200, 202, 206, 207, 208, 84, 213, 215, 219, 93, 221, 100, 103, 105, 110, 119, 124]
r3_r: [128, 129, 2, 130, 131, 4, 6, 7, 136, 11, 12, 140, 19, 147, 22, 23, 151, 25, 26, 155, 28, 161, 162, 166, 167, 42, 171, 44, 172, 174, 175, 176, 49, 180, 181, 182, 61, 189, 63, 64, 192, 66, 70, 71, 74, 75, 76, 77, 205, 79, 80, 209, 210, 85, 216, 217, 91, 220, 222, 97, 102, 109, 111, 120, 126]
r4_l: [64, 192, 130, 131, 71, 136, 75, 12, 77, 209, 19, 147, 25, 217, 26, 91, 155, 28, 161, 162, 167, 40, 42, 172, 111, 176, 49, 61, 189, 126]
r4_r: [195, 133, 199, 200, 10, 202, 17, 145, 18, 84, 89, 93, 157, 221, 32, 164, 39, 168, 41, 105, 110, 48, 52, 53, 119, 183, 56, 58, 187, 60]
r5_l: [128, 129, 130, 131, 4, 6, 7, 136, 11, 12, 140, 19, 147, 23, 151, 25, 26, 155, 28, 161, 162, 166, 167, 42, 170, 171, 44, 172, 174, 175, 176, 49, 179, 180, 181, 182, 61, 189, 63, 64, 192, 70, 71, 201, 74, 75, 76, 77, 205, 79, 80, 209, 210, 216, 217, 91, 220, 222, 97, 102, 109, 111, 126]
r5_r: [195, 133, 199, 200, 10, 202, 15, 17, 145, 18, 84, 89, 93, 157, 221, 32, 164, 39, 168, 41, 105, 110, 48, 52, 53, 119, 183, 56, 57, 58, 187, 60, 188]
r6_l: [128, 1, 129, 2, 130, 3, 131, 4, 132, 5, 7, 136, 9, 138, 11, 12, 14, 144, 19, 147, 149, 150, 151, 25, 26, 155, 28, 156, 161, 162, 35, 165, 166, 167, 40, 42, 170, 171, 44, 172, 174, 175, 176, 49, 177, 180, 181, 182, 61, 189, 63, 64, 192, 70, 71, 73, 201, 74, 75, 76, 204, 77, 205, 78, 79, 80, 81, 209, 210, 216, 217, 218, 91, 92, 220, 222, 96, 97, 101, 102, 104, 106, 109, 111, 113, 114, 115, 116, 122, 125, 126]
r6_r: [0, 194, 68, 133, 134, 199, 200, 202, 13, 142, 17, 145, 18, 20, 213, 219, 157, 221, 158, 33, 164, 37, 39, 168, 48, 52, 53, 119, 184, 59, 123, 187, 60, 127, 191]
r7_l: [0, 1, 129, 3, 4, 132, 5, 134, 7, 8, 136, 9, 138, 11, 140, 14, 15, 143, 144, 17, 146, 19, 147, 149, 22, 150, 23, 28, 29, 31, 161, 35, 165, 166, 167, 41, 169, 170, 43, 44, 45, 173, 49, 177, 50, 180, 55, 183, 57, 58, 61, 190, 63, 192, 65, 66, 68, 196, 197, 70, 198, 202, 75, 204, 78, 206, 81, 209, 210, 212, 85, 86, 87, 88, 89, 217, 92, 93, 222, 95, 98, 99, 104, 106, 109, 110, 113, 114, 115, 116, 117, 118, 121, 123, 125]
r7_r: [128, 193, 194, 195, 133, 74, 13, 142, 207, 145, 18, 82, 83, 148, 213, 216, 153, 154, 157, 221, 159, 96, 36, 164, 38, 171, 108, 52, 53, 54, 120, 184, 185, 60, 124]
