r1_l: [129, 259, 4, 133, 71, 136, 138, 267, 12, 269, 207, 80, 208, 146, 210, 86, 218, 221, 96, 163, 164, 168, 41, 235, 237, 46, 244, 181, 248, 123, 124, 252]
r1_r: [0, 1, 257, 2, 258, 3, 261, 6, 262, 7, 264, 9, 265, 10, 268, 13, 15, 271, 16, 18, 20, 22, 24, 28, 29, 30, 31, 32, 33, 34, 35, 36, 37, 38, 39, 43, 45, 49, 50, 52, 53, 54, 56, 58, 59, 61, 62, 63, 64, 66, 68, 70, 72, 73, 74, 75, 77, 78, 79, 81, 83, 84, 85, 87, 88, 90, 91, 92, 93, 95, 97, 98, 99, 100, 101, 102, 103, 104, 105, 106, 107, 108, 109, 110, 111, 112, 113, 114, 115, 116, 117, 118, 120, 127, 128, 130, 131, 132, 134, 137, 139, 140, 141, 142, 145, 147, 148, 149, 150, 152, 153, 155, 157, 159, 160, 161, 162, 165, 166, 167, 169, 170, 171, 172, 173, 176, 178, 179, 180, 182, 183, 184, 185, 186, 187, 189, 190, 191, 192, 193, 194, 195, 196, 197, 201, 202, 203, 204, 205, 206, 209, 211, 212, 213, 214, 215, 216, 219, 220, 222, 224, 225, 228, 230, 231, 232, 233, 234, 236, 240, 242, 243, 245, 246, 247, 249, 250, 251, 253, 254, 255]
r2_l: [256, 129, 259, 4, 5, 133, 135, 136, 138, 266, 11, 267, 12, 269, 14, 270, 144, 272, 17, 146, 21, 23, 27, 158, 163, 164, 168, 41, 42, 44, 46, 174, 47, 48, 177, 181, 55, 188, 198, 71, 199, 200, 207, 80, 208, 82, 210, 86, 218, 221, 96, 226, 227, 229, 235, 237, 238, 244, 119, 248, 122, 123, 124, 252, 126]
r2_r: [0, 1, 257, 2, 258, 3, 261, 6, 262, 7, 264, 9, 265, 10, 268, 13, 15, 271, 16, 18, 20, 22, 24, 28, 29, 30, 31, 32, 33, 34, 35, 36, 37, 38, 39, 43, 45, 49, 50, 52, 53, 54, 56, 58, 59, 61, 62, 63, 64, 66, 68, 70, 72, 73, 74, 75, 77, 78, 79, 81, 83, 84, 85, 87, 88, 90, 91, 92, 93, 95, 97, 98, 99, 100, 101, 102, 103, 104, 105, 106, 107, 108, 109, 110, 111, 112, 113, 114, 115, 116, 117, 118, 120, 127, 128, 130, 131, 132, 134, 137, 139, 140, 141, 142, 145, 147, 148, 149, 150, 152, 153, 155, 157, 159, 160, 161, 162, 165, 166, 167, 169, 170, 171, 172, 173, 176, 178, 179, 180, 182, 183, 184, 185, 186, 187, 189, 190, 191, 192, 193, 194, 195, 196, 197, 201, 202, 203, 204, 205, 206, 209, 211, 212, 213, 214, 215, 216, 219, 220, 222, 224, 225, 228, 230, 231, 232, 233, 234, 236, 240, 242, 243, 245, 246, 247, 249, 250, 251, 253, 254, 255]
r3_l: [64, 130, 258, 196, 72, 200, 9, 73, 265, 138, 202, 75, 139, 268, 14, 270, 79, 144, 81, 145, 82, 146, 210, 212, 86, 92, 159, 32, 34, 99, 39, 104, 41, 172, 48, 176, 113, 177, 116, 120, 187, 254]
r3_r: [0, 256, 1, 257, 5, 261, 6, 262, 7, 264, 11, 12, 269, 15, 271, 16, 272, 18, 20, 21, 22, 23, 24, 27, 29, 30, 33, 37, 38, 42, 44, 45, 46, 47, 49, 54, 57, 58, 59, 61, 63, 66, 68, 74, 77, 78, 80, 83, 84, 85, 88, 91, 95, 97, 98, 100, 102, 103, 106, 107, 109, 110, 111, 112, 117, 118, 119, 122, 126, 127, 128, 129, 131, 132, 133, 134, 135, 136, 141, 142, 148, 149, 150, 152, 153, 155, 158, 160, 161, 163, 164, 165, 167, 168, 169, 171, 173, 174, 178, 179, 182, 184, 186, 188, 189, 190, 191, 192, 193, 194, 195, 197, 198, 199, 203, 209, 215, 218, 221, 222, 225, 228, 230, 231, 232, 234, 235, 236, 237, 238, 240, 242, 244, 245, 246, 247, 248, 249, 251, 252, 253, 255]
r4_l: [2, 130, 258, 3, 4, 9, 265, 10, 138, 139, 140, 268, 13, 14, 270, 144, 17, 145, 146, 19, 159, 32, 34, 162, 36, 39, 40, 41, 170, 172, 48, 176, 177, 50, 180, 53, 181, 55, 183, 56, 187, 62, 64, 196, 70, 71, 72, 200, 73, 202, 75, 205, 79, 81, 82, 210, 211, 212, 213, 86, 214, 87, 216, 90, 219, 92, 96, 224, 99, 101, 104, 105, 233, 108, 113, 115, 243, 116, 120, 250, 123, 124, 254]
r4_r: [0, 256, 1, 257, 5, 261, 6, 262, 7, 264, 11, 12, 269, 15, 271, 16, 272, 18, 20, 21, 22, 23, 24, 27, 29, 30, 33, 37, 38, 42, 44, 45, 46, 47, 49, 54, 57, 58, 59, 61, 63, 66, 68, 74, 77, 78, 80, 83, 84, 85, 88, 91, 95, 97, 98, 100, 102, 103, 106, 107, 109, 110, 111, 112, 117, 118, 119, 122, 126, 127, 128, 129, 131, 132, 133, 134, 135, 136, 141, 142, 148, 149, 150, 152, 153, 155, 158, 160, 161, 163, 164, 165, 167, 168, 169, 171, 173, 174, 178, 179, 182, 184, 186, 188, 189, 190, 191, 192, 193, 194, 195, 197, 198, 199, 203, 209, 215, 218, 221, 222, 225, 228, 230, 231, 232, 234, 235, 236, 237, 238, 240, 242, 244, 245, 246, 247, 248, 249, 251, 252, 253, 255]
r5_l: [65, 193, 66, 67, 195, 68, 5, 69, 263, 8, 201, 141, 206, 273, 18, 151, 215, 25, 217, 26, 156, 35, 227, 231, 45, 175, 239, 241, 114, 51, 179, 52, 246, 119, 57, 122, 59, 251]
r5_r: [128, 129, 3, 259, 4, 132, 133, 134, 7, 136, 12, 269, 271, 146, 20, 24, 152, 153, 29, 33, 39, 169, 49, 58, 61, 62, 190, 191, 197, 70, 71, 73, 202, 205, 80, 208, 210, 83, 84, 85, 87, 218, 219, 221, 95, 96, 225, 228, 107, 109, 237, 244, 117, 123, 124]
r6_l: [256, 1, 261, 262, 135, 11, 148, 21, 149, 22, 23, 155, 158, 160, 36, 37, 165, 42, 170, 44, 173, 174, 47, 178, 53, 54, 56, 186, 188, 63, 194, 198, 199, 74, 203, 209, 211, 90, 91, 222, 224, 97, 98, 100, 102, 230, 232, 105, 106, 234, 108, 238, 112, 115, 243, 253, 126]
r6_r: [128, 129, 259, 4, 132, 133, 197, 70, 134, 7, 71, 136, 205, 269, 271, 80, 208, 146, 210, 83, 20, 84, 85, 87, 24, 152, 153, 218, 29, 221, 95, 96, 225, 228, 169, 107, 109, 237, 244, 117, 58, 123, 124, 61, 190, 191]
r7_l: [128, 132, 6, 134, 7, 264, 141, 271, 18, 20, 151, 24, 152, 153, 29, 161, 169, 45, 50, 51, 179, 58, 59, 61, 190, 191, 65, 193, 66, 195, 68, 197, 70, 205, 83, 84, 85, 95, 225, 228, 231, 107, 109, 110, 241, 114, 117, 118, 246, 249, 251, 255]
r7_r: [257, 131, 261, 137, 203, 204, 13, 142, 147, 149, 22, 214, 28, 220, 93, 157, 160, 224, 97, 36, 100, 37, 165, 102, 166, 230, 232, 105, 170, 234, 43, 108, 173, 112, 243, 53, 54, 56, 253, 63]
