r1_l: [128, 192, 193, 69, 197, 202, 139, 77, 142, 15, 209, 210, 150, 215, 217, 155, 156, 221, 222, 99, 165, 39, 168, 48, 52, 53, 182, 183, 121, 124]
r1_r: [0, 3, 4, 132, 5, 9, 137, 138, 140, 16, 145, 18, 19, 148, 21, 22, 151, 153, 26, 27, 28, 157, 158, 31, 160, 161, 34, 162, 35, 166, 167, 42, 43, 171, 44, 45, 173, 174, 47, 175, 176, 49, 50, 180, 181, 55, 58, 187, 60, 190, 64, 66, 194, 68, 196, 70, 198, 199, 72, 74, 76, 78, 80, 208, 81, 82, 84, 212, 213, 86, 214, 89, 90, 218, 219, 93, 95, 223, 96, 97, 98, 101, 106, 107, 110, 115, 116, 118, 119, 120, 123, 125, 126]
r2_l: [128, 131, 133, 135, 8, 136, 139, 142, 15, 145, 150, 151, 155, 156, 163, 36, 165, 38, 39, 168, 171, 46, 48, 51, 52, 53, 54, 182, 183, 56, 184, 186, 59, 192, 193, 195, 69, 197, 201, 202, 77, 81, 209, 210, 84, 215, 89, 217, 218, 221, 94, 222, 95, 99, 106, 118, 121, 124, 125, 126]
r2_r: [0, 1, 2, 3, 4, 5, 7, 9, 10, 11, 13, 14, 16, 17, 18, 20, 21, 22, 24, 25, 26, 27, 28, 30, 31, 32, 33, 34, 35, 37, 40, 41, 42, 43, 44, 45, 47, 49, 50, 55, 57, 58, 60, 61, 62, 63, 64, 65, 66, 67, 68, 70, 71, 73, 74, 75, 76, 78, 79, 82, 83, 85, 86, 88, 90, 92, 93, 96, 97, 98, 100, 103, 104, 105, 107, 109, 110, 111, 112, 113, 114, 115, 116, 117, 119, 120, 122, 127, 129, 132, 134, 137, 138, 140, 141, 144, 146, 147, 148, 152, 154, 157, 159, 160, 161, 162, 164, 166, 167, 170, 172, 174, 175, 176, 177, 179, 180, 181, 185, 187, 188, 189, 190, 194, 196, 198, 199, 200, 203, 205, 207, 208, 211, 212, 213, 214, 216, 219, 220, 223]
r3_l: [128, 130, 131, 133, 6, 135, 8, 136, 139, 14, 142, 15, 143, 17, 149, 150, 23, 155, 156, 29, 30, 159, 32, 33, 163, 36, 37, 165, 38, 39, 168, 169, 46, 48, 177, 178, 51, 52, 182, 183, 56, 186, 59, 188, 61, 192, 193, 195, 68, 69, 197, 201, 202, 204, 77, 205, 206, 209, 210, 83, 87, 215, 217, 91, 221, 94, 222, 99, 102, 103, 105, 108, 117, 121]
r3_r: [64, 2, 132, 196, 5, 70, 9, 73, 74, 75, 16, 144, 208, 18, 82, 211, 20, 24, 25, 153, 26, 90, 27, 219, 223, 161, 101, 166, 167, 42, 44, 109, 173, 175, 176, 180, 181, 123, 187, 60, 189, 126, 190, 63]
r4_l: [2, 194, 132, 70, 73, 75, 16, 144, 18, 82, 211, 20, 24, 25, 153, 26, 90, 219, 160, 161, 167, 42, 109, 176, 49, 123, 60, 189, 126, 190, 63]
r4_r: [128, 192, 193, 131, 68, 135, 201, 202, 139, 77, 205, 142, 15, 17, 83, 215, 155, 156, 221, 94, 222, 32, 163, 37, 38, 39, 168, 46, 48, 177, 51, 52, 117, 182, 58, 186, 59]
r5_l: [3, 4, 132, 5, 9, 137, 16, 144, 18, 148, 21, 22, 24, 25, 153, 26, 27, 157, 160, 161, 166, 167, 41, 42, 171, 44, 173, 175, 176, 49, 180, 181, 187, 60, 189, 190, 64, 194, 196, 70, 72, 73, 74, 75, 76, 78, 208, 82, 211, 84, 212, 90, 218, 219, 223, 96, 101, 107, 109, 118, 123, 125, 126]
r5_r: [128, 130, 133, 6, 8, 136, 11, 12, 14, 142, 15, 143, 149, 150, 23, 155, 29, 30, 31, 159, 33, 163, 36, 165, 39, 168, 169, 48, 177, 178, 52, 53, 183, 56, 57, 58, 186, 59, 188, 61, 191, 67, 195, 69, 197, 200, 201, 202, 204, 205, 206, 209, 210, 83, 87, 88, 216, 217, 91, 94, 222, 99, 102, 103, 105, 108, 117, 121]
r6_l: [2, 132, 134, 7, 9, 10, 141, 16, 144, 18, 146, 19, 20, 148, 22, 24, 25, 153, 26, 154, 27, 160, 161, 35, 167, 42, 44, 173, 175, 176, 49, 50, 179, 181, 55, 185, 60, 189, 190, 63, 64, 65, 66, 194, 70, 198, 71, 199, 73, 74, 75, 76, 78, 79, 207, 208, 82, 211, 212, 213, 214, 90, 219, 223, 96, 100, 101, 104, 109, 110, 112, 113, 114, 115, 120, 122, 123, 126]
r6_r: [128, 192, 195, 69, 197, 8, 201, 202, 139, 142, 15, 209, 210, 150, 215, 217, 155, 94, 222, 99, 163, 165, 39, 168, 46, 48, 52, 53, 182, 183, 56, 121, 186, 59]
r7_l: [0, 1, 2, 3, 5, 6, 7, 9, 10, 11, 12, 14, 16, 20, 21, 22, 24, 25, 26, 27, 28, 30, 34, 35, 40, 41, 43, 44, 45, 49, 50, 55, 57, 58, 60, 63, 66, 68, 71, 73, 75, 79, 82, 86, 87, 88, 91, 93, 97, 98, 100, 104, 107, 108, 109, 111, 112, 113, 114, 115, 116, 119, 122, 127, 129, 130, 132, 134, 137, 140, 143, 144, 146, 147, 152, 154, 157, 160, 164, 166, 167, 169, 170, 172, 177, 180, 185, 187, 189, 191, 194, 196, 198, 199, 200, 204, 205, 207, 211, 212, 214, 219, 220, 223]
r7_r: [128, 131, 133, 135, 8, 136, 139, 142, 15, 19, 150, 151, 155, 156, 163, 36, 165, 38, 39, 168, 171, 46, 48, 51, 52, 53, 54, 182, 183, 56, 184, 186, 59, 192, 193, 195, 69, 197, 201, 202, 77, 80, 81, 209, 210, 215, 217, 221, 94, 222, 95, 99, 121, 124]
