r1_l: [65, 3, 67, 132, 133, 6, 7, 135, 73, 139, 76, 78, 80, 18, 82, 146, 100, 164, 37, 44, 114, 56, 57, 121, 122, 59, 123, 124, 125, 63]
r1_r: [129, 2, 131, 4, 134, 8, 136, 9, 137, 10, 138, 11, 141, 14, 142, 143, 19, 147, 20, 21, 149, 150, 23, 151, 152, 153, 26, 154, 27, 28, 29, 157, 30, 159, 160, 161, 34, 35, 163, 36, 165, 166, 167, 41, 42, 43, 45, 47, 49, 50, 53, 54, 58, 60, 61, 62, 64, 66, 69, 72, 74, 75, 77, 81, 83, 85, 86, 87, 88, 89, 90, 91, 95, 97, 98, 99, 101, 102, 103, 104, 105, 108, 110, 113, 116, 117, 119, 126, 127]
r2_l: [0, 1, 3, 132, 5, 133, 7, 135, 139, 12, 140, 144, 145, 18, 146, 148, 22, 24, 25, 155, 158, 31, 32, 162, 164, 37, 38, 40, 44, 51, 52, 55, 56, 57, 59, 63, 65, 67, 68, 70, 71, 73, 76, 78, 79, 80, 82, 84, 93, 96, 100, 107, 114, 120, 121, 122, 123, 124, 125]
r2_r: [129, 130, 131, 4, 134, 8, 136, 10, 138, 11, 13, 143, 17, 147, 20, 21, 149, 150, 23, 152, 153, 26, 154, 28, 157, 30, 159, 160, 33, 34, 35, 163, 36, 166, 167, 42, 45, 47, 49, 50, 53, 54, 60, 61, 62, 64, 66, 69, 72, 74, 75, 77, 81, 83, 85, 87, 89, 90, 91, 95, 97, 98, 99, 101, 102, 105, 106, 111, 112, 113, 116, 117, 118, 119, 126]
r3_l: [128, 4, 8, 12, 77, 79, 16, 81, 145, 147, 20, 85, 149, 150, 23, 153, 26, 30, 160, 34, 98, 102, 45, 46, 47, 48, 113, 50, 116, 53, 118, 119, 126]
r3_r: [1, 3, 132, 5, 133, 135, 137, 139, 141, 14, 142, 15, 144, 18, 19, 148, 22, 24, 27, 156, 29, 31, 164, 37, 38, 40, 41, 43, 44, 52, 55, 56, 57, 58, 65, 67, 70, 76, 80, 82, 88, 92, 94, 96, 100, 108, 109, 114, 115, 121, 122, 123, 124, 125, 127]
r4_l: [0, 1, 2, 3, 132, 5, 133, 7, 135, 9, 137, 138, 139, 13, 141, 14, 142, 15, 144, 18, 19, 148, 22, 151, 27, 156, 29, 158, 161, 164, 37, 165, 38, 40, 41, 43, 44, 52, 55, 56, 57, 58, 65, 67, 68, 70, 73, 76, 80, 82, 86, 88, 92, 93, 94, 96, 100, 103, 104, 106, 109, 110, 114, 115, 120, 121, 122, 123, 124, 125, 127]
r4_r: [128, 4, 134, 8, 10, 11, 12, 143, 16, 145, 147, 20, 21, 149, 150, 23, 153, 26, 154, 30, 160, 34, 162, 35, 166, 39, 45, 46, 47, 48, 49, 50, 53, 60, 69, 77, 79, 81, 85, 87, 89, 90, 91, 98, 99, 101, 102, 105, 113, 116, 117, 119, 126]
r5_l: [128, 129, 130, 4, 6, 8, 10, 11, 12, 143, 16, 145, 147, 20, 21, 149, 150, 23, 25, 153, 26, 154, 157, 30, 159, 160, 33, 34, 162, 35, 163, 166, 39, 42, 45, 46, 47, 48, 49, 50, 53, 54, 60, 66, 69, 71, 72, 77, 79, 81, 84, 85, 87, 89, 90, 91, 97, 98, 99, 101, 102, 105, 113, 116, 117, 118, 119, 126]
r5_r: [1, 3, 132, 5, 133, 7, 135, 137, 139, 141, 14, 142, 15, 144, 18, 19, 148, 22, 151, 24, 27, 156, 29, 31, 164, 37, 38, 40, 41, 43, 44, 52, 55, 56, 57, 58, 65, 67, 70, 76, 80, 82, 88, 92, 93, 94, 96, 100, 103, 108, 109, 114, 115, 121, 122, 123, 124, 125, 127]
