r1_l: [192, 129, 66, 67, 196, 197, 9, 201, 138, 11, 77, 15, 207, 16, 146, 83, 148, 213, 23, 215, 152, 219, 221, 96, 163, 36, 101, 38, 104, 106, 173, 48, 180, 181, 182, 57, 185, 122, 191]
r1_r: [0, 130, 3, 5, 133, 7, 135, 139, 14, 142, 17, 145, 20, 150, 27, 155, 28, 29, 157, 158, 33, 161, 34, 167, 42, 170, 43, 171, 44, 172, 45, 174, 47, 49, 177, 50, 52, 53, 183, 186, 59, 61, 189, 62, 64, 193, 68, 69, 198, 199, 73, 75, 80, 81, 82, 210, 211, 84, 212, 87, 217, 90, 91, 94, 222, 95, 97, 99, 100, 102, 109, 112, 114, 116, 117, 119, 120, 121, 124, 127]
r2_l: [129, 131, 132, 134, 136, 9, 137, 138, 11, 140, 15, 16, 18, 146, 148, 23, 152, 153, 156, 30, 31, 160, 35, 163, 36, 164, 37, 38, 41, 173, 46, 175, 48, 51, 180, 181, 54, 182, 56, 57, 185, 58, 187, 60, 191, 192, 66, 194, 67, 196, 197, 70, 201, 77, 206, 207, 208, 83, 213, 215, 219, 93, 221, 96, 101, 104, 106, 110, 122]
r2_r: [0, 3, 4, 5, 6, 7, 10, 14, 17, 19, 20, 22, 27, 28, 29, 33, 34, 40, 42, 43, 44, 45, 47, 49, 50, 52, 53, 59, 61, 62, 64, 68, 69, 71, 73, 75, 76, 78, 80, 81, 82, 84, 85, 87, 90, 91, 92, 94, 95, 97, 98, 99, 100, 102, 103, 109, 112, 113, 114, 116, 117, 118, 119, 120, 121, 123, 124, 125, 126, 127, 130, 133, 135, 139, 142, 144, 145, 150, 154, 155, 157, 158, 161, 162, 166, 167, 169, 170, 171, 172, 174, 177, 178, 179, 183, 186, 189, 193, 195, 198, 199, 205, 210, 211, 212, 216, 217, 218, 220, 222]
r3_l: [129, 131, 4, 6, 134, 9, 137, 10, 140, 15, 16, 146, 19, 147, 148, 22, 23, 152, 154, 156, 30, 31, 32, 160, 162, 35, 163, 164, 38, 166, 41, 169, 173, 175, 178, 179, 180, 54, 182, 56, 185, 58, 187, 60, 194, 67, 195, 197, 70, 71, 201, 203, 76, 204, 205, 78, 207, 208, 83, 85, 215, 88, 216, 220, 221, 96, 98, 101, 103, 104, 106, 108, 118, 122, 125, 126]
r3_r: [1, 193, 68, 69, 133, 7, 72, 73, 17, 145, 209, 82, 210, 84, 150, 24, 217, 27, 91, 28, 157, 222, 161, 167, 40, 42, 171, 44, 172, 49, 177, 186, 59, 124, 188, 189, 62, 127]
r4_l: [193, 69, 133, 135, 72, 10, 141, 79, 143, 17, 209, 82, 19, 21, 150, 25, 217, 27, 91, 157, 102, 167, 42, 172, 176, 114, 59, 123, 124, 188, 189, 62]
r4_r: [192, 129, 66, 132, 196, 197, 136, 9, 201, 138, 11, 77, 15, 16, 18, 83, 213, 152, 153, 219, 93, 221, 31, 96, 163, 36, 37, 38, 41, 173, 46, 48, 51, 181, 54, 56, 57, 185, 58, 191]
r5_l: [2, 3, 5, 133, 7, 135, 8, 141, 143, 17, 145, 21, 150, 151, 24, 25, 27, 28, 157, 161, 34, 167, 42, 171, 44, 172, 176, 49, 184, 186, 188, 189, 62, 63, 68, 69, 72, 74, 75, 79, 209, 82, 210, 217, 91, 92, 222, 97, 102, 107, 111, 114, 115, 116, 120, 123, 124, 127]
r5_r: [192, 129, 66, 196, 197, 136, 9, 201, 138, 11, 77, 15, 16, 83, 213, 152, 219, 93, 221, 31, 96, 163, 36, 38, 41, 173, 46, 48, 51, 181, 54, 56, 57, 185, 58, 191]
r6_l: [1, 2, 3, 5, 8, 10, 17, 19, 20, 21, 24, 25, 26, 27, 28, 34, 39, 40, 42, 44, 49, 50, 53, 59, 62, 63, 64, 68, 69, 71, 72, 73, 74, 75, 76, 78, 79, 80, 81, 82, 84, 86, 87, 90, 91, 92, 97, 98, 102, 103, 105, 107, 109, 111, 112, 113, 114, 115, 116, 117, 119, 120, 123, 124, 125, 126, 127, 128, 133, 135, 141, 142, 143, 144, 145, 149, 150, 151, 155, 157, 159, 162, 165, 166, 167, 169, 171, 172, 174, 176, 178, 179, 184, 188, 189, 193, 198, 199, 202, 205, 209, 210, 212, 216, 217, 218, 220, 222]
r6_r: [65, 194, 67, 131, 70, 134, 137, 204, 207, 208, 146, 147, 148, 23, 215, 89, 93, 160, 35, 164, 101, 106, 108, 110, 175, 182, 122, 187, 60, 190]
