r1_l: [258, 4, 196, 133, 71, 139, 13, 269, 15, 207, 271, 17, 82, 146, 83, 147, 93, 223, 224, 98, 40, 41, 48, 177, 114, 180, 54, 55, 124, 125]
r1_r: [0, 256, 1, 2, 3, 259, 260, 261, 6, 262, 8, 264, 9, 266, 12, 268, 14, 270, 16, 18, 20, 22, 24, 28, 29, 30, 31, 32, 33, 34, 35, 36, 37, 38, 39, 44, 49, 51, 52, 53, 56, 58, 59, 61, 62, 63, 65, 67, 68, 70, 72, 73, 75, 76, 77, 79, 80, 81, 84, 85, 87, 88, 89, 90, 92, 94, 95, 96, 97, 99, 100, 101, 103, 104, 105, 106, 107, 108, 109, 110, 111, 112, 113, 115, 116, 117, 118, 119, 121, 128, 129, 131, 132, 135, 138, 140, 141, 142, 143, 144, 148, 149, 150, 151, 152, 154, 156, 158, 159, 160, 162, 165, 166, 167, 169, 170, 171, 172, 175, 176, 178, 179, 181, 182, 183, 184, 186, 187, 188, 189, 190, 191, 192, 193, 197, 198, 199, 200, 201, 202, 203, 205, 206, 208, 209, 210, 211, 212, 213, 216, 217, 219, 221, 222, 225, 226, 228, 231, 232, 234, 237, 239, 240, 242, 243, 244, 247, 248, 249, 251, 252, 255]
r2_l: [257, 130, 4, 5, 133, 134, 136, 137, 265, 10, 11, 139, 267, 13, 269, 15, 271, 272, 17, 146, 19, 147, 21, 153, 26, 27, 157, 161, 163, 164, 168, 41, 42, 43, 45, 173, 47, 48, 177, 180, 54, 55, 185, 194, 195, 196, 71, 204, 78, 207, 82, 83, 215, 218, 220, 93, 223, 224, 98, 227, 229, 102, 233, 235, 241, 114, 245, 246, 120, 122, 250, 123, 124, 125, 253, 254, 127]
r2_r: [0, 256, 1, 2, 3, 259, 260, 261, 6, 262, 8, 264, 9, 266, 12, 268, 14, 270, 16, 18, 20, 22, 24, 28, 29, 30, 31, 32, 33, 34, 35, 36, 37, 38, 39, 44, 49, 51, 52, 53, 56, 58, 59, 61, 62, 63, 65, 67, 68, 70, 72, 73, 75, 76, 77, 79, 80, 81, 84, 85, 87, 88, 89, 90, 92, 94, 95, 96, 97, 99, 100, 101, 103, 104, 105, 106, 107, 108, 109, 110, 111, 112, 113, 115, 116, 117, 118, 119, 121, 128, 129, 131, 132, 135, 138, 140, 141, 142, 143, 144, 148, 149, 150, 151, 152, 154, 156, 158, 159, 160, 162, 165, 166, 167, 169, 170, 171, 172, 175, 176, 178, 179, 181, 182, 183, 184, 186, 187, 188, 189, 190, 191, 192, 193, 197, 198, 199, 200, 201, 202, 203, 205, 206, 208, 209, 210, 211, 212, 213, 216, 217, 219, 221, 222, 225, 226, 228, 231, 232, 234, 237, 239, 240, 242, 243, 244, 247, 248, 249, 251, 252, 255]
r3_l: [256, 2, 3, 4, 198, 71, 201, 139, 140, 268, 77, 141, 205, 142, 79, 207, 271, 208, 209, 146, 210, 83, 147, 87, 216, 93, 94, 224, 97, 98, 162, 35, 38, 41, 172, 111, 175, 112, 113, 51, 115, 180, 124, 125, 62]
r3_r: [0, 1, 260, 5, 261, 6, 262, 264, 10, 266, 11, 14, 270, 16, 272, 18, 19, 20, 21, 22, 26, 27, 29, 32, 36, 37, 42, 43, 44, 45, 47, 49, 53, 57, 58, 59, 61, 63, 65, 67, 68, 70, 75, 76, 78, 80, 81, 84, 85, 88, 92, 95, 96, 99, 101, 102, 103, 106, 108, 109, 110, 116, 117, 118, 119, 120, 123, 127, 128, 129, 130, 132, 134, 135, 136, 137, 143, 144, 149, 150, 151, 152, 154, 157, 159, 160, 161, 163, 164, 165, 167, 168, 169, 171, 173, 176, 178, 179, 181, 182, 183, 185, 186, 187, 188, 189, 190, 191, 193, 194, 195, 199, 203, 206, 212, 215, 218, 219, 222, 225, 228, 229, 231, 232, 233, 234, 235, 237, 239, 241, 242, 243, 244, 245, 246, 247, 248, 249, 250, 251, 253, 254, 255]
r4_l: [256, 2, 3, 131, 259, 4, 133, 8, 9, 139, 140, 268, 13, 141, 269, 142, 15, 271, 17, 146, 147, 24, 30, 158, 33, 34, 162, 35, 38, 39, 41, 170, 172, 175, 48, 177, 51, 52, 180, 54, 55, 56, 184, 62, 192, 196, 197, 198, 71, 72, 73, 201, 202, 77, 205, 79, 207, 208, 209, 82, 210, 83, 211, 213, 87, 216, 89, 93, 221, 94, 224, 97, 98, 226, 104, 105, 107, 111, 112, 240, 113, 114, 115, 121, 124, 252, 125]
r4_r: [0, 1, 260, 5, 261, 6, 262, 264, 10, 266, 11, 14, 270, 16, 272, 18, 19, 20, 21, 22, 26, 27, 29, 32, 36, 37, 42, 43, 44, 45, 47, 49, 53, 57, 58, 59, 61, 63, 65, 67, 68, 70, 75, 76, 78, 80, 81, 84, 85, 88, 92, 95, 96, 99, 101, 102, 103, 106, 108, 109, 110, 116, 117, 118, 119, 120, 123, 127, 128, 129, 130, 132, 134, 135, 136, 137, 143, 144, 149, 150, 151, 152, 154, 157, 159, 160, 161, 163, 164, 165, 167, 168, 169, 171, 173, 176, 178, 179, 181, 182, 183, 185, 186, 187, 188, 189, 190, 191, 193, 194, 195, 199, 203, 206, 212, 215, 218, 219, 222, 225, 228, 229, 231, 232, 233, 234, 235, 237, 239, 241, 242, 243, 244, 245, 246, 247, 248, 249, 250, 251, 253, 254, 255]
r5_l: [64, 65, 66, 67, 5, 69, 197, 7, 263, 202, 143, 271, 16, 273, 212, 214, 23, 25, 155, 224, 35, 230, 44, 236, 46, 174, 238, 112, 50, 51, 179, 243, 120, 57, 249, 59, 123, 60, 189, 191]
r5_r: [258, 196, 133, 200, 9, 265, 74, 138, 12, 269, 17, 145, 148, 213, 86, 153, 217, 90, 91, 28, 156, 31, 33, 34, 227, 100, 166, 40, 114, 122, 126]
r6_l: [256, 1, 2, 131, 259, 132, 260, 261, 262, 8, 9, 138, 266, 12, 140, 144, 20, 148, 149, 150, 24, 154, 28, 156, 30, 158, 31, 159, 33, 34, 36, 165, 166, 39, 170, 175, 178, 52, 53, 181, 183, 56, 184, 190, 63, 192, 70, 199, 72, 200, 73, 206, 208, 209, 211, 84, 213, 87, 88, 89, 217, 90, 219, 221, 95, 96, 226, 99, 100, 228, 101, 231, 104, 232, 105, 106, 107, 240, 113, 115, 116, 119, 248, 121, 251, 252, 255]
r6_r: [130, 258, 5, 134, 263, 136, 137, 265, 10, 11, 13, 269, 15, 271, 272, 17, 145, 273, 146, 19, 21, 25, 153, 27, 155, 157, 161, 163, 164, 40, 168, 41, 42, 45, 173, 177, 54, 55, 195, 69, 71, 74, 82, 83, 86, 218, 93, 224, 98, 227, 229, 102, 233, 235, 241, 114, 246, 120, 250, 123, 124, 125, 253, 126, 127]
r7_l: [129, 3, 6, 7, 135, 264, 268, 141, 270, 143, 16, 18, 22, 23, 151, 152, 32, 160, 162, 35, 37, 38, 169, 44, 46, 176, 49, 50, 51, 179, 58, 186, 59, 187, 60, 61, 189, 62, 191, 64, 65, 193, 66, 67, 68, 197, 198, 201, 202, 75, 203, 76, 80, 81, 210, 212, 214, 216, 92, 222, 225, 230, 103, 234, 108, 109, 110, 238, 111, 239, 112, 243, 244, 117, 118, 247, 249]
r7_r: [130, 258, 5, 134, 263, 136, 137, 265, 10, 11, 13, 269, 15, 271, 272, 17, 145, 273, 146, 19, 21, 25, 153, 27, 155, 157, 161, 163, 164, 40, 168, 41, 42, 45, 173, 177, 54, 55, 195, 69, 71, 74, 82, 83, 86, 218, 93, 224, 98, 227, 229, 102, 233, 235, 241, 114, 246, 120, 250, 123, 124, 125, 253, 126, 127]
