r1_l: [257, 5, 261, 262, 9, 265, 13, 269, 271, 19, 21, 23, 24, 25, 286, 31, 287, 292, 38, 39, 298, 302, 304, 55, 56, 62, 318, 320, 66, 324, 325, 327, 331, 332, 333, 85, 342, 88, 344, 89, 346, 348, 95, 353, 99, 100, 104, 105, 108, 364, 109, 367, 369, 114, 374, 376, 379, 380, 388, 392, 393, 138, 140, 146, 147, 408, 410, 159, 415, 160, 416, 418, 167, 176, 432, 178, 434, 435, 189, 446, 191, 192, 448, 193, 196, 452, 453, 454, 455, 456, 201, 204, 460, 206, 208, 465, 467, 212, 213, 472, 473, 477, 478, 227, 483, 229, 230, 237, 241, 243, 245]
r1_r: [1, 258, 386, 3, 133, 7, 11, 395, 396, 397, 398, 399, 16, 151, 407, 280, 28, 33, 420, 297, 425, 43, 45, 305, 53, 438, 312, 61, 190, 65, 451, 70, 75, 79, 81, 210, 84, 469, 214, 218, 91, 93, 94, 98, 232, 106, 234, 363, 117, 375, 124, 255]
r2_l: [1, 258, 386, 3, 133, 7, 11, 395, 396, 397, 398, 399, 16, 151, 407, 280, 28, 33, 420, 297, 425, 43, 45, 305, 53, 438, 312, 61, 190, 65, 451, 70, 75, 79, 81, 210, 84, 469, 214, 218, 91, 93, 94, 98, 232, 106, 234, 363, 117, 375, 124, 255]
r2_r: [257, 5, 261, 262, 9, 265, 13, 269, 271, 19, 21, 23, 24, 25, 286, 31, 287, 292, 38, 39, 298, 302, 304, 310, 55, 56, 62, 318, 320, 66, 324, 325, 327, 331, 332, 333, 85, 342, 88, 344, 89, 346, 348, 95, 353, 99, 100, 356, 104, 105, 108, 364, 109, 367, 369, 114, 374, 376, 379, 380, 388, 392, 393, 138, 140, 146, 147, 408, 410, 414, 159, 415, 160, 416, 418, 167, 176, 432, 178, 434, 435, 189, 446, 191, 447, 192, 448, 193, 196, 452, 453, 454, 455, 456, 201, 204, 460, 206, 208, 465, 467, 212, 213, 472, 473, 219, 477, 478, 227, 483, 229, 230, 237, 241, 243, 245]
r3_l: [1, 2, 258, 386, 3, 133, 7, 135, 263, 137, 11, 395, 268, 396, 397, 398, 399, 16, 275, 276, 277, 405, 151, 407, 280, 155, 28, 412, 32, 33, 420, 422, 297, 425, 43, 45, 173, 305, 179, 308, 53, 438, 312, 185, 313, 315, 61, 190, 65, 195, 451, 70, 458, 75, 334, 462, 79, 81, 210, 84, 341, 469, 214, 87, 218, 91, 93, 94, 97, 98, 354, 232, 233, 106, 234, 363, 366, 113, 117, 375, 121, 250, 124, 254, 255]
r3_r: [257, 5, 261, 262, 264, 9, 265, 266, 13, 269, 271, 19, 21, 23, 24, 25, 286, 31, 287, 292, 38, 39, 298, 300, 302, 304, 309, 310, 55, 56, 62, 318, 320, 66, 324, 325, 327, 331, 332, 333, 338, 85, 342, 88, 344, 89, 346, 348, 95, 353, 99, 100, 356, 102, 104, 105, 108, 364, 109, 367, 112, 369, 114, 374, 376, 379, 380, 125, 129, 388, 392, 393, 138, 140, 146, 147, 408, 154, 410, 414, 159, 415, 160, 416, 418, 167, 174, 175, 176, 432, 178, 434, 435, 189, 446, 191, 447, 192, 448, 193, 449, 196, 452, 453, 454, 455, 456, 201, 204, 460, 206, 208, 465, 467, 212, 213, 472, 473, 219, 477, 478, 225, 227, 483, 229, 230, 237, 241, 243, 245]
r4_l: [1, 2, 258, 3, 259, 7, 263, 8, 11, 267, 12, 268, 270, 16, 273, 275, 276, 277, 278, 280, 281, 26, 27, 28, 284, 30, 32, 33, 290, 291, 37, 297, 43, 45, 301, 47, 48, 49, 305, 52, 308, 53, 312, 57, 313, 314, 315, 61, 317, 64, 65, 322, 69, 70, 71, 328, 75, 334, 79, 81, 337, 84, 341, 87, 90, 91, 347, 93, 94, 97, 98, 354, 355, 357, 359, 106, 363, 366, 113, 117, 118, 375, 120, 121, 123, 124, 126, 127, 128, 386, 133, 135, 391, 137, 395, 396, 397, 398, 143, 399, 403, 149, 405, 151, 407, 153, 155, 412, 413, 417, 162, 419, 420, 422, 169, 425, 428, 173, 429, 179, 436, 437, 182, 438, 183, 185, 186, 444, 445, 190, 195, 451, 200, 457, 458, 462, 207, 210, 211, 469, 214, 216, 218, 222, 484, 485, 232, 233, 234, 235, 248, 249, 250, 254, 255]
r4_r: [257, 5, 261, 262, 264, 9, 265, 266, 13, 269, 271, 19, 21, 23, 24, 25, 286, 31, 287, 292, 38, 39, 298, 300, 302, 304, 309, 310, 55, 56, 62, 318, 320, 66, 324, 325, 327, 331, 332, 333, 338, 85, 342, 88, 344, 89, 346, 348, 95, 353, 99, 100, 356, 102, 104, 105, 108, 364, 109, 367, 112, 369, 114, 374, 376, 379, 380, 125, 129, 388, 392, 393, 138, 140, 146, 147, 408, 154, 410, 414, 159, 415, 160, 416, 418, 167, 174, 175, 176, 432, 178, 434, 435, 189, 446, 191, 447, 192, 448, 193, 449, 196, 452, 453, 454, 455, 456, 201, 204, 460, 206, 208, 465, 467, 212, 213, 472, 473, 219, 477, 478, 225, 227, 483, 229, 230, 237, 241, 243, 245]
r5_l: [256, 1, 2, 258, 3, 259, 7, 263, 8, 11, 267, 12, 268, 270, 16, 17, 273, 275, 20, 276, 277, 22, 278, 280, 281, 26, 27, 28, 284, 30, 32, 33, 290, 291, 37, 297, 43, 45, 301, 47, 48, 49, 305, 52, 308, 53, 54, 312, 57, 313, 314, 315, 316, 61, 317, 319, 64, 65, 322, 69, 70, 71, 328, 329, 75, 76, 334, 79, 81, 337, 84, 341, 87, 90, 91, 347, 92, 93, 94, 351, 352, 97, 98, 354, 355, 101, 357, 359, 106, 363, 365, 110, 366, 113, 371, 372, 117, 118, 119, 375, 120, 121, 377, 123, 124, 126, 382, 127, 128, 384, 130, 386, 387, 133, 134, 135, 391, 137, 395, 396, 397, 142, 398, 143, 399, 145, 403, 149, 405, 151, 407, 153, 155, 412, 413, 158, 417, 162, 419, 420, 422, 169, 425, 171, 428, 173, 429, 431, 177, 179, 436, 437, 182, 438, 183, 184, 440, 185, 186, 188, 444, 445, 190, 195, 451, 200, 457, 458, 462, 207, 210, 466, 211, 469, 214, 216, 218, 220, 222, 482, 484, 485, 232, 233, 234, 235, 242, 248, 249, 250, 254, 255]
r5_r: [257, 5, 261, 262, 264, 9, 265, 266, 13, 269, 271, 19, 21, 23, 24, 25, 286, 31, 287, 292, 38, 39, 298, 300, 302, 304, 309, 310, 55, 56, 62, 318, 320, 66, 324, 325, 327, 331, 332, 333, 338, 85, 342, 88, 344, 89, 346, 348, 95, 353, 99, 100, 356, 102, 104, 105, 108, 364, 109, 367, 112, 369, 114, 374, 376, 379, 380, 125, 129, 388, 392, 393, 138, 140, 146, 147, 408, 154, 410, 414, 159, 415, 160, 416, 418, 167, 174, 175, 176, 432, 178, 434, 435, 189, 446, 191, 447, 192, 448, 193, 449, 196, 452, 453, 454, 455, 456, 201, 204, 460, 206, 208, 465, 467, 212, 213, 472, 473, 219, 477, 478, 225, 227, 483, 229, 230, 237, 241, 243, 245]
r6_l: [0, 1, 2, 3, 6, 7, 8, 11, 12, 15, 16, 17, 20, 22, 26, 27, 28, 29, 30, 32, 33, 37, 41, 43, 45, 47, 48, 49, 52, 53, 54, 57, 59, 60, 61, 64, 65, 68, 69, 70, 71, 75, 76, 79, 81, 82, 84, 87, 90, 91, 92, 93, 94, 97, 98, 101, 106, 110, 113, 117, 118, 119, 120, 121, 123, 124, 126, 127, 128, 130, 133, 134, 135, 137, 142, 143, 145, 149, 151, 152, 153, 155, 158, 162, 164, 169, 171, 173, 177, 179, 180, 182, 183, 184, 185, 186, 188, 190, 194, 195, 200, 207, 209, 210, 211, 214, 215, 216, 218, 220, 222, 228, 232, 233, 234, 235, 236, 242, 248, 249, 250, 252, 253, 254, 255, 256, 258, 259, 263, 267, 268, 270, 273, 275, 276, 277, 278, 280, 281, 283, 284, 289, 290, 291, 297, 301, 305, 306, 307, 308, 312, 313, 314, 315, 316, 317, 319, 322, 328, 329, 334, 337, 341, 347, 349, 351, 352, 354, 355, 357, 359, 360, 363, 365, 366, 371, 372, 375, 377, 382, 384, 386, 387, 391, 395, 396, 397, 398, 399, 400, 402, 403, 405, 407, 411, 412, 413, 417, 419, 420, 422, 425, 427, 428, 429, 430, 431, 436, 437, 438, 439, 440, 444, 445, 451, 457, 458, 462, 466, 469, 470, 479, 481, 482, 484, 485]
r6_r: [257, 5, 261, 262, 264, 9, 265, 266, 13, 269, 271, 19, 21, 23, 24, 25, 286, 31, 287, 292, 38, 39, 298, 300, 302, 304, 309, 310, 55, 56, 62, 318, 320, 66, 324, 325, 327, 331, 332, 333, 338, 85, 342, 88, 344, 89, 346, 348, 95, 353, 99, 100, 356, 102, 104, 105, 108, 364, 109, 367, 112, 369, 114, 374, 376, 379, 380, 125, 129, 388, 392, 393, 138, 140, 146, 147, 408, 154, 410, 414, 159, 415, 160, 416, 418, 167, 174, 175, 176, 432, 178, 434, 435, 189, 446, 191, 447, 192, 448, 193, 449, 196, 452, 453, 454, 455, 456, 201, 204, 460, 206, 208, 465, 467, 212, 213, 472, 473, 219, 477, 478, 225, 227, 483, 229, 230, 237, 241, 243, 245]
r7_l: [257, 5, 262, 264, 9, 265, 266, 13, 269, 14, 271, 19, 21, 23, 24, 25, 285, 286, 31, 287, 288, 36, 292, 293, 38, 294, 39, 40, 42, 298, 300, 46, 302, 50, 310, 55, 56, 58, 62, 318, 63, 320, 66, 323, 324, 325, 327, 73, 331, 332, 333, 335, 80, 338, 339, 85, 86, 342, 343, 88, 344, 89, 345, 346, 348, 95, 99, 100, 356, 102, 104, 105, 107, 108, 364, 109, 112, 369, 114, 373, 374, 376, 122, 379, 380, 125, 129, 385, 136, 392, 393, 138, 140, 141, 401, 146, 147, 150, 406, 408, 409, 154, 410, 414, 159, 415, 160, 416, 161, 418, 163, 167, 423, 168, 170, 426, 172, 174, 175, 176, 432, 433, 178, 434, 435, 442, 187, 189, 446, 191, 192, 448, 193, 449, 450, 196, 452, 453, 198, 454, 455, 201, 203, 459, 204, 460, 205, 461, 206, 208, 465, 467, 212, 213, 471, 474, 219, 476, 477, 478, 224, 225, 227, 229, 230, 486, 237, 238, 241, 243, 245]
r7_r: [1, 258, 386, 3, 133, 7, 11, 395, 396, 397, 398, 399, 16, 151, 407, 280, 28, 33, 420, 297, 425, 43, 45, 305, 53, 438, 312, 61, 190, 65, 451, 70, 75, 79, 81, 210, 84, 469, 214, 218, 91, 93, 94, 98, 232, 106, 234, 363, 117, 375, 124, 255]
r8_l: [4, 5, 9, 13, 14, 19, 21, 23, 24, 25, 31, 36, 38, 39, 40, 42, 44, 46, 50, 55, 56, 58, 62, 63, 66, 67, 72, 73, 77, 78, 80, 83, 85, 86, 88, 89, 95, 99, 100, 102, 104, 105, 107, 108, 109, 112, 114, 115, 122, 125, 129, 136, 138, 139, 140, 141, 144, 146, 147, 150, 154, 159, 160, 161, 163, 167, 168, 170, 172, 174, 175, 176, 178, 187, 189, 191, 192, 193, 196, 198, 199, 201, 202, 203, 204, 205, 206, 208, 212, 213, 219, 221, 224, 225, 227, 229, 230, 231, 237, 238, 239, 240, 241, 243, 244, 245, 246, 257, 260, 262, 264, 265, 266, 269, 271, 272, 282, 285, 286, 287, 288, 292, 293, 294, 295, 296, 298, 300, 302, 310, 320, 321, 323, 324, 325, 326, 327, 330, 331, 332, 333, 335, 336, 338, 339, 342, 343, 344, 345, 346, 348, 356, 358, 362, 364, 368, 369, 370, 373, 374, 376, 379, 380, 381, 383, 385, 389, 392, 393, 401, 406, 408, 409, 410, 414, 416, 418, 423, 426, 432, 433, 434, 442, 446, 448, 449, 450, 452, 453, 454, 455, 459, 460, 461, 467, 471, 474, 476, 477, 478, 486]
r8_r: [1, 258, 386, 3, 133, 7, 11, 395, 396, 397, 398, 399, 16, 151, 407, 280, 28, 33, 420, 297, 425, 43, 45, 305, 53, 438, 312, 61, 190, 65, 451, 70, 75, 79, 81, 210, 84, 469, 214, 218, 91, 93, 94, 98, 232, 106, 234, 363, 117, 375, 124, 255]
r9_l: [264, 267, 268, 270, 16, 272, 17, 275, 22, 279, 284, 285, 33, 34, 291, 293, 40, 296, 41, 43, 48, 49, 306, 307, 52, 309, 311, 312, 313, 58, 59, 60, 322, 326, 71, 72, 74, 76, 78, 337, 339, 340, 347, 350, 103, 361, 106, 110, 366, 111, 113, 372, 117, 118, 119, 377, 122, 378, 384, 385, 386, 131, 387, 132, 133, 135, 391, 136, 394, 395, 396, 397, 398, 143, 144, 400, 145, 148, 404, 149, 150, 151, 407, 411, 156, 413, 161, 417, 164, 165, 166, 422, 424, 427, 428, 429, 430, 431, 177, 179, 436, 181, 437, 439, 185, 441, 443, 451, 197, 200, 457, 463, 464, 209, 210, 211, 468, 470, 474, 221, 223, 480, 225, 485, 231, 232, 235, 236, 244, 246, 247, 248, 250, 252, 255]
r9_r: [129, 5, 262, 392, 9, 265, 393, 138, 266, 140, 13, 269, 271, 19, 147, 21, 23, 24, 408, 25, 154, 410, 286, 414, 31, 159, 287, 160, 416, 292, 38, 39, 167, 298, 300, 174, 302, 175, 176, 432, 178, 434, 310, 55, 56, 62, 446, 192, 320, 193, 449, 66, 196, 452, 325, 453, 454, 327, 455, 201, 460, 333, 206, 338, 467, 212, 213, 88, 344, 89, 346, 348, 477, 478, 95, 99, 227, 100, 229, 102, 230, 104, 105, 108, 364, 237, 112, 241, 369, 114, 243, 245, 374, 380, 125]
