r1_l: [576, 129, 323, 73, 842, 141, 526, 718, 594, 21, 469, 661, 471, 218, 284, 160, 354, 358, 169, 553, 236, 430, 115, 883, 180, 821, 55, 441, 762, 829, 318]
r1_r: [384, 1, 67, 836, 325, 712, 651, 589, 14, 337, 277, 853, 863, 480, 674, 866, 227, 547, 485, 166, 424, 808, 809, 363, 813, 877, 175, 690, 245, 247, 696, 377, 569, 124, 445]
r2_l: [129, 645, 518, 648, 266, 140, 141, 653, 526, 400, 784, 18, 658, 147, 787, 404, 21, 661, 23, 409, 154, 667, 284, 668, 285, 160, 800, 291, 37, 805, 295, 169, 553, 554, 811, 430, 304, 180, 564, 310, 55, 441, 442, 829, 318, 320, 576, 323, 579, 452, 73, 713, 74, 842, 203, 459, 718, 719, 594, 722, 724, 213, 469, 470, 598, 471, 729, 218, 347, 222, 350, 606, 354, 738, 358, 619, 875, 236, 237, 749, 751, 115, 243, 883, 629, 246, 374, 122, 506, 762, 892, 254]
r2_r: [384, 1, 67, 836, 325, 328, 456, 712, 651, 589, 14, 783, 337, 277, 533, 853, 662, 863, 480, 546, 674, 866, 227, 547, 485, 166, 423, 424, 808, 809, 363, 813, 877, 175, 690, 245, 247, 696, 377, 569, 123, 315, 124, 445]
r3_l: [517, 518, 520, 526, 528, 18, 530, 21, 23, 37, 549, 551, 40, 553, 554, 559, 561, 564, 565, 54, 566, 55, 56, 568, 60, 62, 63, 576, 66, 578, 579, 580, 69, 73, 74, 81, 594, 595, 596, 85, 598, 599, 601, 605, 606, 96, 615, 616, 105, 619, 112, 115, 629, 631, 121, 122, 634, 129, 643, 645, 648, 140, 141, 653, 657, 658, 147, 149, 661, 154, 667, 156, 668, 160, 678, 169, 171, 689, 180, 181, 695, 699, 700, 197, 710, 201, 713, 203, 204, 718, 207, 719, 722, 724, 213, 214, 215, 729, 218, 732, 222, 737, 738, 740, 230, 742, 744, 747, 236, 237, 749, 751, 243, 755, 246, 762, 764, 254, 258, 774, 266, 269, 784, 787, 788, 279, 284, 285, 797, 800, 291, 292, 805, 295, 811, 304, 819, 821, 310, 312, 825, 314, 317, 829, 318, 320, 323, 835, 326, 327, 839, 330, 842, 334, 335, 852, 855, 347, 859, 350, 353, 354, 358, 874, 875, 878, 369, 883, 374, 886, 888, 892, 382, 894, 383, 896, 898, 395, 400, 404, 409, 413, 422, 430, 441, 442, 447, 452, 459, 469, 470, 471, 506, 509]
r3_r: [1, 769, 9, 11, 267, 268, 13, 525, 781, 14, 271, 783, 16, 274, 532, 277, 533, 535, 538, 795, 28, 540, 32, 289, 546, 35, 547, 548, 39, 808, 809, 43, 557, 813, 47, 563, 52, 569, 59, 315, 61, 830, 575, 65, 321, 67, 836, 325, 70, 838, 71, 328, 329, 332, 589, 845, 78, 336, 337, 853, 344, 600, 856, 345, 857, 862, 351, 863, 352, 866, 614, 872, 107, 363, 876, 877, 370, 628, 373, 630, 632, 377, 123, 124, 384, 130, 132, 388, 134, 646, 136, 138, 651, 652, 397, 398, 654, 401, 148, 662, 408, 664, 153, 415, 674, 166, 167, 423, 424, 170, 174, 175, 687, 176, 690, 435, 696, 445, 196, 456, 712, 715, 206, 212, 730, 475, 731, 479, 480, 227, 485, 488, 746, 240, 498, 245, 247, 503, 251]
r4_l: [517, 518, 520, 526, 528, 529, 18, 530, 23, 27, 37, 549, 551, 40, 41, 553, 554, 46, 559, 561, 564, 565, 54, 566, 55, 56, 568, 60, 62, 63, 576, 66, 578, 579, 580, 69, 73, 74, 76, 590, 81, 594, 595, 596, 85, 598, 599, 601, 605, 606, 96, 610, 612, 615, 104, 616, 105, 619, 112, 113, 115, 629, 631, 121, 122, 634, 129, 643, 645, 648, 139, 140, 141, 653, 145, 657, 658, 147, 659, 149, 661, 154, 155, 667, 156, 668, 157, 160, 678, 680, 169, 171, 684, 689, 180, 181, 695, 699, 700, 197, 710, 201, 713, 714, 203, 204, 718, 207, 719, 722, 724, 213, 214, 215, 729, 218, 732, 222, 734, 737, 738, 740, 230, 742, 744, 234, 747, 236, 237, 749, 751, 752, 243, 755, 246, 762, 764, 254, 258, 774, 266, 778, 269, 784, 787, 788, 279, 792, 284, 285, 797, 800, 291, 292, 805, 295, 296, 811, 304, 819, 821, 310, 312, 825, 314, 317, 829, 318, 320, 323, 835, 326, 327, 839, 330, 842, 843, 335, 852, 855, 347, 859, 350, 353, 354, 357, 358, 360, 874, 875, 364, 366, 878, 369, 883, 374, 886, 888, 892, 382, 894, 383, 896, 898, 395, 400, 404, 409, 422, 430, 431, 441, 442, 447, 452, 459, 469, 470, 471, 506, 509]
r4_r: [1, 769, 9, 11, 267, 268, 13, 525, 781, 14, 271, 783, 16, 274, 532, 277, 533, 535, 538, 795, 28, 540, 32, 289, 546, 35, 547, 548, 39, 808, 809, 43, 557, 813, 47, 563, 52, 569, 59, 315, 61, 830, 575, 65, 321, 67, 836, 325, 70, 838, 71, 328, 329, 332, 589, 845, 78, 336, 337, 853, 344, 600, 856, 345, 857, 862, 351, 863, 352, 866, 614, 872, 107, 363, 876, 877, 370, 628, 373, 630, 632, 377, 123, 124, 384, 130, 132, 388, 134, 646, 136, 138, 651, 652, 397, 398, 654, 401, 148, 662, 408, 664, 153, 415, 674, 166, 167, 423, 424, 170, 174, 175, 687, 176, 690, 435, 696, 445, 196, 456, 712, 715, 206, 212, 730, 475, 731, 479, 480, 227, 485, 488, 746, 240, 498, 245, 247, 503, 251]
r5_l: [517, 520, 526, 528, 18, 23, 25, 31, 37, 549, 551, 40, 552, 41, 553, 554, 555, 46, 559, 561, 564, 565, 566, 55, 56, 568, 60, 62, 63, 576, 66, 578, 579, 580, 69, 581, 73, 74, 76, 590, 81, 594, 595, 596, 85, 598, 599, 601, 92, 605, 606, 96, 100, 612, 615, 104, 616, 619, 112, 113, 115, 631, 122, 634, 636, 643, 645, 648, 139, 140, 141, 653, 145, 657, 658, 147, 659, 149, 661, 154, 155, 667, 156, 668, 157, 669, 160, 678, 169, 681, 171, 684, 689, 180, 695, 699, 700, 191, 197, 709, 198, 710, 201, 713, 714, 203, 718, 207, 720, 721, 722, 724, 213, 214, 215, 729, 218, 732, 222, 734, 738, 230, 742, 232, 744, 234, 747, 236, 237, 749, 751, 752, 241, 243, 755, 246, 762, 764, 254, 258, 774, 266, 778, 269, 787, 788, 279, 792, 281, 284, 285, 797, 290, 291, 292, 295, 296, 811, 301, 819, 821, 310, 312, 825, 314, 829, 832, 834, 323, 835, 326, 839, 330, 842, 843, 335, 851, 852, 855, 346, 347, 859, 350, 353, 354, 357, 358, 874, 875, 364, 366, 878, 374, 887, 892, 382, 894, 896, 897, 898, 395, 400, 404, 407, 409, 418, 420, 430, 431, 441, 447, 448, 452, 459, 470, 471, 494, 506, 509]
r5_r: [384, 1, 385, 646, 138, 651, 268, 13, 14, 654, 271, 783, 16, 277, 533, 662, 408, 795, 28, 546, 674, 547, 166, 167, 423, 424, 808, 809, 170, 813, 174, 47, 175, 690, 696, 569, 315, 445, 67, 836, 325, 328, 456, 712, 332, 589, 206, 336, 337, 212, 853, 731, 351, 863, 480, 866, 227, 485, 614, 363, 876, 877, 628, 245, 247, 249, 377, 123, 124]
r6_l: [517, 518, 520, 526, 528, 529, 18, 530, 21, 23, 25, 27, 539, 31, 37, 549, 551, 40, 552, 41, 553, 554, 555, 44, 46, 559, 561, 564, 565, 54, 566, 55, 56, 568, 60, 573, 62, 63, 576, 66, 578, 579, 580, 69, 581, 73, 74, 76, 588, 590, 81, 594, 595, 596, 85, 86, 598, 599, 601, 92, 605, 606, 95, 96, 608, 610, 100, 612, 615, 104, 616, 105, 619, 111, 112, 113, 115, 629, 119, 631, 121, 122, 634, 636, 129, 643, 645, 135, 648, 139, 140, 141, 653, 145, 657, 658, 147, 659, 149, 661, 154, 155, 667, 156, 668, 157, 669, 160, 164, 678, 680, 169, 681, 171, 683, 684, 689, 180, 181, 182, 694, 695, 184, 699, 700, 191, 197, 709, 198, 710, 199, 201, 713, 714, 203, 204, 718, 207, 719, 720, 721, 722, 724, 213, 214, 215, 729, 218, 732, 222, 734, 737, 738, 740, 230, 742, 232, 744, 234, 747, 236, 748, 237, 749, 751, 752, 243, 755, 246, 758, 248, 762, 764, 254, 258, 774, 266, 778, 269, 784, 787, 788, 279, 792, 281, 284, 285, 797, 800, 290, 291, 292, 293, 805, 295, 296, 811, 301, 304, 305, 819, 821, 310, 312, 825, 314, 317, 829, 318, 320, 832, 834, 323, 835, 326, 327, 839, 840, 330, 842, 331, 843, 334, 335, 851, 852, 855, 346, 347, 859, 350, 353, 354, 867, 357, 358, 360, 874, 875, 364, 366, 878, 369, 883, 374, 886, 887, 888, 892, 382, 894, 383, 896, 897, 386, 898, 899, 395, 400, 404, 407, 409, 410, 413, 418, 420, 422, 430, 431, 433, 441, 442, 447, 448, 452, 453, 459, 469, 470, 471, 494, 501, 506, 509]
r6_r: [1, 769, 775, 264, 9, 11, 267, 779, 268, 13, 525, 781, 14, 271, 783, 16, 274, 532, 277, 533, 535, 793, 538, 795, 28, 540, 286, 799, 32, 544, 33, 289, 546, 35, 547, 548, 39, 808, 809, 298, 43, 45, 557, 813, 47, 560, 51, 563, 52, 53, 567, 569, 826, 59, 315, 827, 61, 830, 575, 65, 321, 67, 836, 325, 70, 582, 838, 71, 328, 329, 332, 844, 589, 845, 78, 336, 337, 853, 344, 600, 856, 345, 857, 862, 351, 607, 863, 352, 866, 868, 613, 614, 870, 872, 873, 106, 107, 363, 876, 877, 622, 370, 372, 628, 373, 630, 632, 377, 123, 124, 384, 385, 641, 130, 132, 388, 389, 134, 646, 136, 138, 651, 652, 397, 142, 398, 654, 401, 148, 662, 408, 664, 153, 411, 415, 674, 676, 166, 167, 423, 679, 424, 170, 174, 686, 175, 687, 176, 690, 179, 435, 696, 445, 704, 194, 196, 456, 712, 715, 206, 462, 212, 726, 216, 730, 475, 731, 479, 480, 226, 227, 228, 484, 229, 485, 488, 490, 746, 491, 492, 240, 753, 498, 245, 247, 503, 249, 761, 251, 763, 252, 766]
r7_l: [258, 261, 517, 774, 266, 778, 269, 526, 528, 529, 18, 787, 788, 21, 534, 279, 24, 792, 283, 539, 284, 797, 291, 803, 292, 37, 295, 296, 552, 41, 811, 300, 559, 305, 561, 562, 819, 54, 310, 55, 312, 57, 825, 314, 60, 318, 576, 832, 578, 579, 835, 580, 69, 326, 327, 330, 842, 843, 334, 335, 847, 82, 594, 596, 86, 87, 599, 855, 347, 859, 92, 348, 93, 606, 611, 867, 100, 612, 357, 616, 619, 875, 364, 366, 878, 113, 369, 888, 122, 380, 892, 126, 382, 638, 894, 383, 386, 642, 898, 643, 899, 645, 135, 648, 395, 140, 141, 653, 400, 145, 657, 658, 147, 403, 659, 404, 149, 405, 661, 409, 154, 155, 667, 156, 668, 157, 413, 160, 417, 678, 168, 680, 169, 171, 684, 429, 430, 431, 689, 181, 695, 184, 440, 441, 190, 197, 710, 200, 713, 714, 203, 459, 207, 208, 722, 723, 724, 213, 214, 470, 215, 729, 218, 732, 222, 734, 736, 225, 738, 740, 230, 742, 744, 236, 748, 237, 749, 751, 752, 497, 243, 755, 246, 248, 509]
r7_r: [384, 134, 646, 136, 138, 268, 652, 13, 525, 14, 143, 16, 274, 148, 277, 535, 153, 538, 795, 540, 415, 289, 674, 35, 163, 547, 166, 39, 167, 679, 424, 808, 809, 42, 170, 557, 813, 49, 690, 563, 52, 696, 569, 59, 61, 445, 575, 706, 67, 836, 712, 587, 715, 332, 844, 589, 78, 462, 337, 853, 344, 600, 730, 731, 863, 352, 866, 741, 486, 487, 488, 361, 746, 492, 877, 240, 370, 372, 628, 373, 247, 377, 251, 766]
r8_l: [517, 518, 520, 526, 528, 529, 18, 530, 21, 534, 23, 24, 25, 26, 27, 539, 541, 31, 37, 549, 551, 40, 552, 41, 553, 554, 555, 46, 559, 561, 562, 564, 565, 54, 566, 55, 56, 568, 57, 60, 573, 62, 63, 576, 66, 578, 579, 580, 69, 581, 73, 74, 76, 588, 590, 81, 82, 594, 595, 596, 85, 86, 598, 87, 599, 601, 92, 93, 605, 606, 96, 608, 610, 611, 100, 612, 102, 103, 615, 104, 616, 619, 108, 111, 112, 113, 115, 629, 631, 121, 122, 634, 636, 126, 638, 642, 643, 645, 135, 647, 648, 139, 140, 141, 653, 145, 657, 658, 147, 659, 149, 661, 663, 154, 155, 667, 156, 668, 157, 669, 160, 672, 164, 678, 168, 680, 169, 681, 171, 683, 684, 689, 180, 181, 182, 694, 695, 184, 699, 700, 190, 191, 197, 709, 198, 710, 200, 201, 713, 714, 203, 204, 718, 207, 719, 208, 720, 721, 722, 723, 724, 213, 214, 215, 729, 218, 732, 733, 222, 734, 736, 225, 737, 738, 740, 230, 742, 232, 744, 234, 747, 236, 748, 237, 749, 750, 239, 751, 752, 243, 755, 246, 758, 248, 762, 764, 254, 767, 257, 258, 261, 774, 266, 778, 269, 784, 786, 787, 788, 790, 279, 792, 281, 282, 283, 284, 285, 797, 800, 801, 290, 291, 803, 292, 293, 295, 296, 811, 300, 301, 305, 819, 309, 821, 310, 312, 825, 314, 317, 829, 318, 320, 832, 834, 323, 835, 326, 327, 839, 840, 330, 842, 331, 843, 334, 335, 847, 851, 852, 341, 343, 855, 346, 347, 859, 348, 350, 353, 354, 867, 357, 358, 871, 360, 874, 875, 364, 366, 878, 368, 369, 883, 374, 886, 887, 888, 380, 892, 382, 894, 383, 896, 897, 386, 898, 899, 395, 400, 403, 404, 405, 407, 409, 410, 413, 417, 418, 420, 422, 425, 429, 430, 431, 433, 440, 441, 447, 448, 452, 453, 454, 457, 459, 465, 466, 470, 471, 476, 477, 494, 497, 499, 501, 506, 509]
r8_r: [779, 268, 13, 525, 14, 16, 274, 277, 535, 280, 538, 795, 540, 33, 289, 35, 547, 39, 808, 809, 42, 557, 813, 49, 563, 52, 567, 569, 59, 61, 575, 67, 836, 587, 332, 844, 589, 78, 337, 853, 344, 600, 863, 352, 866, 613, 361, 873, 106, 877, 370, 372, 628, 373, 377, 384, 641, 134, 646, 136, 138, 652, 142, 143, 148, 153, 415, 674, 163, 166, 167, 679, 424, 170, 426, 686, 690, 696, 445, 706, 712, 202, 715, 462, 725, 730, 731, 228, 229, 741, 486, 487, 488, 746, 491, 492, 240, 247, 761, 251, 252, 766]
r9_l: [517, 518, 520, 12, 526, 528, 529, 18, 530, 20, 21, 22, 23, 25, 27, 31, 37, 549, 551, 40, 552, 41, 553, 554, 555, 44, 559, 561, 564, 566, 55, 568, 60, 573, 62, 63, 576, 66, 578, 579, 580, 69, 581, 73, 74, 76, 590, 594, 595, 596, 85, 86, 598, 599, 601, 92, 605, 606, 96, 608, 610, 100, 612, 104, 616, 105, 619, 621, 110, 113, 114, 115, 629, 118, 631, 121, 633, 122, 634, 635, 636, 129, 643, 645, 648, 139, 140, 141, 653, 145, 657, 658, 147, 659, 149, 661, 154, 666, 155, 667, 156, 668, 157, 669, 159, 160, 162, 164, 678, 169, 681, 171, 683, 684, 689, 180, 181, 182, 695, 699, 188, 191, 197, 709, 198, 710, 199, 201, 713, 714, 203, 205, 718, 207, 719, 720, 721, 722, 724, 213, 214, 215, 729, 218, 219, 732, 222, 734, 737, 738, 740, 230, 742, 743, 232, 744, 233, 745, 234, 236, 237, 749, 751, 752, 241, 243, 755, 246, 758, 762, 764, 254, 258, 774, 265, 266, 778, 269, 270, 784, 787, 276, 788, 279, 792, 281, 284, 285, 797, 800, 290, 291, 292, 293, 805, 295, 296, 811, 301, 815, 304, 305, 817, 819, 821, 310, 312, 825, 314, 317, 829, 318, 320, 832, 834, 323, 835, 326, 327, 839, 330, 842, 331, 843, 334, 335, 851, 852, 855, 346, 347, 859, 350, 864, 353, 865, 354, 357, 358, 360, 874, 875, 364, 366, 878, 879, 369, 883, 374, 887, 379, 892, 382, 894, 383, 896, 897, 898, 391, 395, 400, 402, 404, 407, 409, 413, 418, 420, 422, 430, 431, 433, 438, 441, 442, 447, 448, 452, 453, 459, 464, 469, 470, 471, 473, 494, 501, 504, 506, 509, 510, 511]
r9_r: [384, 1, 385, 646, 138, 651, 268, 13, 14, 654, 271, 783, 16, 277, 533, 662, 408, 795, 28, 546, 674, 547, 166, 167, 423, 424, 808, 809, 170, 813, 174, 47, 175, 690, 696, 569, 315, 445, 67, 836, 325, 328, 456, 712, 332, 589, 206, 336, 337, 212, 853, 731, 351, 863, 480, 866, 227, 485, 614, 363, 876, 877, 628, 245, 247, 249, 377, 123, 124]
r10_l: [134, 646, 136, 715, 652, 13, 525, 14, 78, 274, 277, 535, 600, 153, 538, 730, 795, 540, 415, 352, 289, 35, 39, 167, 679, 488, 170, 746, 557, 877, 240, 370, 563, 52, 372, 628, 373, 251, 61, 766, 575]
r10_r: [897, 578, 898, 643, 326, 774, 395, 843, 208, 720, 657, 786, 788, 599, 855, 792, 25, 281, 346, 859, 156, 157, 417, 418, 867, 357, 616, 555, 364, 301, 559, 241, 433, 755, 819, 184, 57, 314]
r11_l: [384, 134, 646, 136, 138, 268, 652, 13, 525, 14, 143, 16, 274, 148, 277, 535, 153, 538, 795, 540, 415, 289, 674, 35, 163, 547, 166, 39, 167, 424, 808, 809, 42, 170, 557, 813, 49, 690, 563, 52, 696, 569, 59, 61, 445, 575, 706, 67, 836, 712, 715, 332, 589, 78, 337, 853, 344, 600, 730, 731, 863, 352, 866, 486, 487, 488, 361, 746, 492, 877, 240, 370, 628, 373, 247, 377, 251]
r11_r: [578, 898, 643, 326, 774, 327, 395, 843, 208, 657, 788, 599, 855, 792, 859, 156, 157, 417, 867, 740, 357, 616, 555, 364, 559, 241, 755, 819, 54, 184, 57, 314]
r12_l: [11, 268, 13, 525, 14, 271, 274, 277, 535, 793, 538, 795, 540, 33, 289, 35, 547, 39, 808, 809, 42, 812, 557, 813, 49, 563, 52, 569, 59, 61, 575, 67, 836, 325, 70, 582, 329, 587, 332, 844, 589, 78, 337, 853, 344, 600, 857, 860, 863, 352, 866, 613, 872, 361, 873, 363, 877, 370, 372, 628, 373, 885, 377, 124, 384, 641, 132, 134, 646, 136, 138, 652, 143, 148, 664, 153, 415, 674, 163, 166, 167, 679, 424, 170, 426, 174, 686, 690, 696, 445, 706, 712, 715, 462, 212, 726, 474, 730, 731, 479, 480, 227, 484, 229, 741, 486, 487, 488, 746, 492, 240, 753, 245, 247, 761, 251, 766]
r12_r: [832, 200, 713, 714, 778, 843, 208, 145, 659, 787, 724, 24, 792, 155, 283, 157, 733, 417, 803, 100, 357, 168, 296, 552, 41, 300, 364, 684, 366, 431, 559, 113, 819, 310, 184, 248, 440, 126]
r13_l: [704, 65, 769, 130, 194, 196, 775, 9, 397, 781, 401, 532, 345, 862, 351, 799, 544, 548, 676, 614, 43, 47, 560, 179, 435, 53, 630, 503, 632, 123]
r13_r: [1, 769, 775, 264, 9, 11, 267, 779, 268, 13, 781, 14, 271, 783, 16, 274, 532, 277, 533, 535, 538, 795, 28, 540, 289, 546, 35, 547, 548, 39, 808, 809, 43, 45, 557, 813, 47, 51, 563, 52, 567, 569, 315, 61, 575, 321, 67, 836, 325, 70, 328, 329, 332, 589, 845, 78, 336, 337, 853, 600, 856, 345, 857, 351, 863, 352, 866, 614, 872, 106, 107, 363, 876, 877, 370, 628, 373, 630, 377, 123, 124, 384, 385, 130, 132, 388, 134, 646, 136, 138, 651, 652, 397, 142, 654, 401, 148, 662, 408, 664, 153, 415, 674, 166, 167, 423, 424, 170, 174, 175, 687, 176, 690, 696, 445, 196, 456, 712, 206, 212, 216, 475, 731, 479, 480, 226, 227, 228, 485, 488, 746, 491, 240, 498, 245, 247, 503, 249]
r14_l: [387, 388, 772, 10, 11, 268, 525, 14, 398, 271, 785, 408, 664, 153, 665, 538, 670, 415, 419, 165, 679, 808, 42, 170, 298, 427, 174, 176, 823, 313, 59, 571, 830, 575, 192, 706, 451, 325, 71, 587, 715, 332, 589, 845, 78, 337, 339, 84, 344, 857, 474, 730, 349, 224, 482, 739, 868, 486, 487, 361, 492, 876, 238, 240, 880, 370, 627, 500, 251, 891, 124, 127]
r14_r: [778, 145, 403, 659, 787, 788, 24, 792, 155, 283, 539, 157, 417, 803, 168, 296, 552, 41, 300, 684, 431, 559, 689, 819, 310, 184, 440, 832, 579, 835, 580, 200, 713, 714, 843, 335, 208, 724, 214, 855, 733, 606, 611, 100, 357, 364, 366, 113, 248, 380, 126]
r15_l: [1, 11, 267, 268, 13, 525, 14, 271, 16, 274, 277, 535, 280, 793, 538, 795, 28, 540, 286, 542, 33, 289, 35, 547, 39, 808, 809, 42, 298, 812, 557, 813, 49, 563, 52, 311, 569, 826, 59, 827, 61, 830, 575, 321, 67, 836, 325, 70, 582, 71, 329, 587, 332, 844, 589, 845, 78, 846, 80, 337, 853, 344, 600, 856, 857, 90, 863, 352, 866, 868, 613, 870, 872, 361, 873, 107, 363, 876, 877, 370, 372, 628, 373, 885, 377, 124, 384, 641, 132, 388, 134, 646, 136, 138, 651, 652, 398, 143, 148, 662, 408, 664, 153, 411, 415, 674, 163, 166, 167, 679, 424, 170, 426, 174, 686, 175, 687, 176, 690, 696, 445, 706, 711, 712, 202, 715, 206, 462, 212, 725, 726, 474, 730, 475, 731, 479, 480, 227, 228, 484, 229, 485, 741, 486, 487, 488, 746, 492, 240, 753, 498, 245, 247, 761, 251, 252, 766]
r15_r: [897, 778, 145, 529, 786, 403, 659, 787, 788, 407, 24, 792, 25, 281, 410, 155, 283, 539, 157, 669, 417, 418, 803, 293, 168, 296, 552, 680, 41, 681, 555, 300, 684, 301, 431, 559, 305, 433, 689, 819, 310, 694, 184, 440, 191, 832, 579, 835, 580, 581, 200, 713, 714, 843, 588, 335, 208, 720, 721, 724, 86, 214, 855, 346, 92, 733, 606, 734, 611, 100, 357, 232, 364, 366, 494, 750, 111, 752, 113, 499, 887, 248, 380, 636, 126, 383]
r16_l: [772, 519, 10, 11, 268, 13, 525, 14, 15, 271, 785, 275, 535, 280, 536, 793, 538, 795, 286, 287, 33, 35, 547, 808, 297, 42, 810, 556, 812, 557, 813, 814, 49, 52, 308, 823, 313, 826, 59, 571, 827, 830, 319, 575, 577, 836, 325, 582, 587, 332, 844, 589, 78, 337, 339, 84, 344, 857, 90, 349, 863, 866, 613, 870, 361, 873, 363, 365, 880, 370, 627, 372, 373, 377, 891, 124, 381, 127, 384, 641, 387, 393, 651, 143, 660, 408, 664, 153, 665, 411, 158, 670, 415, 161, 419, 165, 679, 424, 170, 426, 427, 174, 686, 178, 690, 693, 183, 187, 192, 706, 451, 708, 202, 715, 461, 462, 725, 726, 727, 474, 730, 220, 478, 223, 479, 224, 480, 482, 739, 484, 229, 485, 741, 486, 487, 488, 746, 492, 238, 240, 753, 498, 500, 756, 245, 761, 251, 765, 766]
r16_r: [778, 145, 403, 659, 787, 788, 24, 792, 155, 283, 539, 157, 417, 803, 168, 296, 552, 41, 300, 684, 431, 559, 689, 819, 310, 184, 440, 832, 579, 835, 580, 200, 713, 714, 843, 335, 208, 724, 214, 855, 733, 606, 611, 100, 357, 364, 366, 113, 248, 380, 126]
r17_l: [4, 519, 10, 11, 524, 13, 525, 14, 15, 16, 535, 536, 538, 540, 542, 33, 35, 547, 39, 42, 556, 557, 49, 563, 52, 569, 58, 59, 571, 572, 61, 575, 577, 67, 70, 582, 75, 587, 589, 78, 591, 84, 600, 90, 613, 107, 620, 625, 626, 627, 628, 124, 125, 127, 641, 132, 134, 646, 136, 649, 138, 651, 652, 143, 148, 660, 152, 664, 153, 665, 158, 670, 161, 674, 163, 165, 166, 167, 679, 170, 174, 686, 178, 690, 693, 183, 696, 697, 187, 192, 706, 707, 708, 712, 202, 715, 716, 212, 725, 726, 727, 730, 731, 220, 223, 224, 227, 739, 228, 229, 741, 746, 238, 240, 753, 244, 756, 245, 247, 760, 761, 251, 765, 766, 255, 772, 264, 779, 268, 780, 271, 785, 274, 275, 277, 280, 793, 795, 286, 287, 289, 808, 297, 809, 810, 812, 813, 814, 308, 823, 313, 826, 827, 316, 830, 319, 321, 833, 836, 325, 329, 332, 844, 337, 339, 853, 344, 857, 860, 349, 863, 352, 866, 870, 359, 872, 361, 873, 363, 365, 877, 880, 370, 882, 372, 373, 885, 377, 891, 381, 895, 384, 387, 393, 408, 411, 415, 419, 424, 426, 427, 445, 451, 460, 461, 462, 468, 474, 478, 479, 480, 482, 484, 485, 486, 487, 488, 489, 491, 492, 498, 500]
r17_r: [832, 200, 713, 714, 778, 843, 208, 145, 659, 787, 724, 24, 792, 155, 283, 157, 733, 417, 803, 100, 357, 168, 296, 552, 41, 300, 364, 684, 366, 431, 559, 113, 819, 310, 184, 248, 440, 126]
r18_l: [0, 1, 3, 515, 773, 521, 10, 522, 268, 524, 13, 14, 782, 271, 527, 783, 16, 785, 277, 533, 278, 795, 28, 796, 29, 30, 32, 546, 547, 36, 294, 806, 808, 297, 809, 42, 299, 556, 812, 813, 47, 49, 50, 311, 824, 313, 569, 58, 570, 59, 315, 571, 64, 65, 833, 322, 67, 324, 836, 325, 837, 838, 328, 584, 841, 586, 75, 332, 333, 589, 846, 336, 337, 339, 84, 853, 88, 344, 90, 603, 860, 349, 351, 863, 866, 99, 614, 359, 361, 363, 620, 876, 877, 625, 881, 626, 882, 628, 884, 117, 885, 376, 377, 123, 124, 127, 895, 128, 384, 133, 646, 138, 394, 651, 398, 143, 655, 656, 660, 662, 152, 408, 665, 670, 674, 163, 165, 166, 167, 423, 424, 170, 427, 172, 428, 174, 175, 688, 690, 435, 437, 183, 439, 696, 697, 186, 698, 187, 444, 445, 449, 705, 450, 706, 451, 707, 708, 711, 456, 712, 458, 206, 463, 211, 212, 727, 474, 731, 221, 478, 223, 224, 480, 227, 485, 486, 487, 238, 500, 245, 757, 247, 760, 765]
r18_r: [576, 129, 323, 842, 140, 141, 718, 594, 21, 469, 661, 471, 218, 284, 160, 354, 358, 169, 553, 236, 430, 115, 883, 180, 821, 55, 441, 762, 829, 318]
r19_l: [0, 3, 515, 521, 10, 11, 523, 524, 13, 14, 527, 16, 535, 538, 540, 29, 30, 542, 35, 547, 36, 550, 39, 42, 556, 49, 50, 563, 52, 569, 58, 570, 59, 571, 572, 61, 64, 67, 70, 586, 75, 589, 78, 83, 84, 600, 89, 90, 97, 99, 107, 620, 623, 625, 626, 627, 116, 628, 117, 120, 124, 125, 127, 128, 640, 132, 133, 134, 646, 136, 138, 651, 143, 655, 656, 146, 660, 151, 152, 664, 153, 665, 670, 673, 674, 163, 165, 677, 166, 167, 170, 682, 172, 174, 688, 177, 690, 693, 183, 696, 697, 186, 698, 187, 701, 703, 192, 705, 706, 195, 707, 708, 712, 715, 717, 209, 211, 212, 727, 730, 731, 221, 223, 224, 227, 739, 238, 240, 244, 245, 757, 247, 760, 253, 765, 772, 773, 268, 782, 271, 785, 274, 275, 277, 278, 280, 794, 795, 796, 287, 289, 294, 806, 808, 297, 809, 299, 812, 813, 306, 823, 824, 313, 316, 830, 831, 321, 833, 322, 324, 836, 325, 837, 329, 841, 332, 848, 337, 339, 853, 342, 344, 857, 860, 349, 863, 352, 866, 359, 361, 363, 877, 880, 881, 370, 882, 884, 373, 885, 375, 376, 377, 889, 891, 893, 895, 384, 387, 393, 394, 408, 419, 424, 427, 437, 439, 444, 445, 449, 450, 451, 458, 461, 463, 474, 478, 479, 480, 485, 486, 487, 488, 492, 495, 498, 500]
r19_r: [778, 145, 403, 659, 787, 788, 24, 792, 155, 283, 539, 157, 417, 803, 168, 296, 552, 41, 300, 684, 431, 559, 689, 819, 310, 184, 440, 832, 579, 835, 580, 200, 713, 714, 843, 335, 208, 724, 214, 855, 733, 606, 611, 100, 357, 364, 366, 113, 248, 380, 126]
r20_l: [0, 512, 3, 515, 4, 5, 521, 10, 11, 523, 524, 13, 525, 14, 15, 527, 16, 535, 536, 538, 540, 29, 30, 542, 33, 545, 34, 35, 547, 36, 550, 39, 42, 556, 557, 49, 50, 563, 52, 567, 569, 58, 570, 59, 571, 572, 61, 575, 64, 67, 68, 70, 586, 75, 587, 77, 589, 78, 591, 83, 84, 600, 89, 90, 602, 91, 94, 97, 99, 106, 107, 620, 109, 623, 624, 625, 626, 627, 116, 628, 117, 120, 124, 125, 127, 128, 640, 132, 133, 134, 646, 136, 649, 138, 650, 651, 652, 142, 143, 655, 656, 146, 148, 660, 151, 152, 664, 153, 665, 158, 670, 161, 673, 674, 163, 675, 165, 677, 166, 167, 679, 170, 682, 172, 174, 688, 177, 178, 690, 693, 183, 696, 697, 186, 698, 187, 189, 701, 702, 703, 192, 705, 706, 195, 707, 708, 712, 715, 716, 717, 209, 211, 212, 727, 730, 731, 220, 221, 223, 224, 227, 739, 228, 741, 746, 238, 240, 753, 242, 244, 756, 245, 757, 247, 760, 251, 253, 765, 766, 255, 256, 772, 773, 264, 779, 268, 780, 782, 271, 785, 274, 275, 277, 278, 280, 794, 795, 796, 286, 798, 287, 289, 294, 806, 808, 297, 809, 810, 299, 812, 813, 814, 816, 306, 308, 823, 824, 313, 826, 316, 830, 319, 831, 321, 833, 322, 324, 836, 325, 837, 329, 841, 332, 844, 848, 337, 338, 339, 853, 342, 344, 857, 860, 349, 863, 352, 866, 359, 872, 361, 363, 877, 880, 881, 370, 882, 372, 884, 373, 885, 375, 376, 377, 889, 890, 891, 381, 893, 895, 384, 387, 393, 394, 396, 406, 408, 415, 419, 424, 427, 428, 437, 439, 444, 445, 446, 449, 450, 451, 458, 460, 461, 462, 463, 468, 474, 478, 479, 480, 482, 485, 486, 487, 488, 489, 491, 492, 493, 495, 498, 500, 505, 507]
r20_r: [778, 145, 529, 403, 659, 787, 788, 24, 792, 155, 283, 539, 157, 417, 803, 168, 296, 552, 680, 41, 555, 300, 684, 431, 559, 305, 689, 819, 310, 184, 440, 832, 579, 835, 580, 200, 713, 714, 843, 335, 208, 724, 86, 214, 855, 92, 733, 606, 734, 611, 100, 357, 364, 366, 752, 113, 248, 380, 126, 383]
r21_l: [514, 517, 518, 7, 520, 12, 526, 528, 17, 18, 530, 531, 22, 23, 37, 549, 551, 40, 553, 554, 46, 558, 561, 564, 565, 54, 566, 55, 56, 568, 62, 574, 63, 576, 66, 578, 579, 580, 69, 583, 72, 73, 74, 81, 593, 594, 595, 596, 85, 597, 598, 599, 601, 605, 606, 96, 615, 616, 105, 619, 621, 112, 115, 629, 118, 631, 121, 633, 122, 634, 635, 129, 643, 645, 648, 140, 141, 653, 657, 658, 147, 149, 661, 150, 154, 666, 667, 156, 668, 159, 160, 678, 169, 171, 689, 180, 692, 181, 695, 699, 188, 700, 197, 710, 201, 713, 203, 204, 718, 207, 719, 722, 724, 213, 214, 215, 217, 729, 218, 732, 222, 737, 740, 230, 742, 743, 744, 745, 747, 236, 237, 749, 751, 241, 243, 755, 246, 250, 762, 764, 254, 258, 262, 774, 263, 265, 266, 269, 784, 787, 276, 788, 279, 284, 285, 800, 802, 291, 292, 805, 295, 807, 811, 303, 304, 819, 821, 310, 312, 825, 314, 828, 317, 829, 318, 320, 323, 835, 326, 327, 839, 330, 842, 335, 852, 855, 347, 859, 861, 350, 353, 865, 354, 356, 869, 358, 874, 878, 879, 369, 883, 374, 886, 888, 379, 892, 382, 894, 383, 896, 898, 390, 391, 392, 395, 400, 404, 409, 412, 416, 422, 430, 432, 434, 441, 442, 447, 452, 459, 464, 469, 470, 471, 496, 504, 506, 509]
r21_r: [1, 769, 775, 9, 11, 267, 268, 13, 525, 781, 14, 271, 783, 16, 274, 532, 277, 533, 535, 793, 538, 795, 28, 540, 286, 799, 32, 544, 33, 289, 546, 35, 547, 548, 39, 808, 809, 298, 43, 557, 813, 47, 560, 563, 52, 53, 569, 826, 59, 315, 827, 61, 830, 575, 65, 321, 67, 836, 325, 70, 582, 838, 71, 328, 329, 332, 844, 589, 845, 78, 336, 337, 853, 344, 600, 856, 345, 857, 862, 351, 607, 863, 352, 866, 868, 613, 614, 870, 872, 873, 107, 363, 876, 877, 622, 370, 372, 628, 373, 630, 632, 377, 123, 124, 384, 385, 641, 130, 132, 388, 389, 134, 646, 136, 138, 651, 652, 397, 398, 654, 401, 148, 662, 408, 664, 153, 411, 415, 674, 676, 166, 167, 423, 679, 424, 170, 174, 686, 175, 687, 176, 690, 179, 435, 696, 445, 704, 194, 196, 456, 712, 715, 206, 462, 212, 726, 730, 475, 731, 479, 480, 227, 484, 229, 485, 488, 490, 746, 492, 240, 753, 498, 245, 247, 503, 249, 761, 251, 763, 252, 766]
r22_l: [7, 12, 17, 18, 20, 21, 22, 23, 24, 25, 27, 31, 37, 38, 40, 41, 44, 46, 48, 54, 55, 56, 57, 60, 62, 63, 66, 69, 72, 73, 74, 76, 81, 82, 85, 86, 92, 93, 95, 96, 98, 100, 103, 104, 105, 108, 110, 111, 112, 113, 114, 115, 118, 119, 121, 122, 126, 129, 137, 139, 140, 141, 145, 147, 149, 150, 154, 155, 156, 157, 159, 160, 162, 164, 169, 171, 173, 180, 181, 182, 184, 188, 190, 191, 197, 198, 199, 201, 203, 204, 205, 207, 208, 213, 214, 215, 217, 218, 219, 222, 225, 230, 232, 233, 234, 236, 237, 241, 243, 246, 248, 250, 254, 257, 258, 260, 261, 262, 263, 265, 266, 269, 270, 276, 279, 281, 283, 284, 285, 288, 290, 291, 292, 293, 295, 296, 300, 301, 303, 304, 305, 309, 310, 312, 314, 317, 318, 320, 323, 326, 327, 330, 331, 334, 335, 340, 343, 346, 347, 348, 350, 353, 354, 356, 357, 358, 360, 364, 366, 369, 374, 379, 380, 382, 383, 390, 391, 392, 395, 399, 400, 402, 403, 404, 405, 407, 409, 410, 412, 413, 416, 417, 418, 420, 421, 422, 425, 429, 430, 431, 432, 433, 434, 436, 438, 441, 442, 443, 447, 448, 452, 453, 455, 457, 459, 464, 465, 469, 470, 471, 473, 477, 494, 496, 499, 501, 502, 504, 506, 509, 510, 511, 513, 514, 517, 518, 520, 526, 528, 529, 530, 531, 537, 539, 549, 551, 552, 553, 554, 555, 558, 559, 561, 562, 564, 565, 566, 568, 573, 574, 576, 578, 579, 580, 581, 583, 585, 588, 590, 593, 594, 595, 596, 597, 598, 599, 601, 605, 606, 608, 610, 612, 615, 616, 617, 618, 619, 621, 629, 631, 633, 634, 635, 636, 638, 639, 643, 644, 645, 647, 648, 653, 657, 658, 659, 661, 663, 666, 667, 668, 669, 671, 672, 678, 680, 681, 683, 684, 689, 692, 694, 695, 699, 700, 709, 710, 713, 714, 718, 719, 720, 721, 722, 723, 724, 729, 732, 734, 737, 738, 740, 742, 743, 744, 745, 747, 749, 751, 752, 755, 758, 762, 764, 767, 768, 771, 774, 777, 778, 784, 786, 787, 788, 792, 797, 800, 802, 805, 807, 811, 815, 817, 818, 819, 820, 821, 822, 825, 828, 829, 832, 834, 835, 839, 840, 842, 843, 850, 851, 852, 854, 855, 859, 861, 864, 865, 867, 869, 871, 874, 875, 878, 879, 883, 886, 887, 888, 892, 894, 896, 897, 898]
r22_r: [1, 385, 641, 325, 582, 838, 328, 456, 138, 268, 332, 654, 783, 16, 336, 607, 546, 674, 866, 228, 423, 424, 873, 876, 813, 174, 686, 175, 696, 249, 763]
r23_l: [0, 1, 2, 3, 4, 5, 6, 9, 10, 11, 13, 14, 15, 16, 28, 29, 30, 32, 33, 34, 35, 36, 39, 42, 43, 45, 47, 49, 50, 51, 52, 53, 58, 59, 61, 64, 65, 67, 68, 70, 71, 75, 77, 78, 79, 80, 83, 84, 88, 89, 90, 91, 94, 97, 99, 106, 107, 109, 116, 117, 120, 123, 124, 125, 127, 128, 130, 132, 133, 134, 136, 138, 142, 143, 146, 148, 151, 152, 153, 158, 161, 163, 165, 166, 167, 170, 172, 174, 175, 176, 177, 178, 179, 183, 185, 186, 187, 189, 192, 193, 194, 195, 196, 202, 206, 209, 211, 212, 216, 220, 221, 223, 224, 226, 227, 228, 229, 238, 240, 242, 244, 245, 247, 249, 251, 252, 253, 255, 256, 259, 264, 267, 268, 271, 272, 273, 274, 275, 277, 278, 280, 286, 287, 289, 294, 297, 298, 299, 302, 306, 308, 311, 313, 315, 316, 319, 321, 322, 324, 325, 328, 329, 332, 333, 336, 337, 338, 339, 342, 344, 345, 349, 351, 352, 355, 359, 361, 363, 365, 370, 372, 373, 375, 376, 377, 381, 384, 385, 387, 388, 389, 393, 394, 396, 397, 398, 401, 406, 408, 411, 415, 419, 423, 424, 426, 427, 428, 435, 437, 439, 444, 445, 446, 449, 450, 451, 456, 458, 460, 461, 462, 463, 467, 468, 474, 475, 478, 479, 480, 482, 484, 485, 486, 487, 488, 489, 490, 491, 492, 493, 495, 498, 500, 503, 505, 507, 512, 515, 519, 521, 522, 523, 524, 525, 527, 532, 533, 535, 536, 538, 540, 542, 544, 545, 546, 547, 548, 550, 556, 557, 560, 563, 567, 569, 570, 571, 572, 575, 577, 582, 584, 586, 587, 589, 591, 600, 602, 603, 604, 607, 613, 614, 620, 622, 623, 624, 625, 626, 627, 628, 630, 632, 637, 640, 641, 646, 649, 650, 651, 652, 654, 655, 656, 660, 662, 664, 665, 670, 673, 674, 675, 676, 677, 679, 682, 686, 687, 688, 690, 691, 693, 696, 697, 698, 701, 702, 703, 704, 705, 706, 707, 708, 711, 712, 715, 716, 717, 725, 726, 727, 730, 731, 739, 741, 746, 753, 754, 756, 757, 760, 761, 763, 765, 766, 769, 770, 772, 773, 775, 779, 780, 781, 782, 783, 785, 789, 791, 793, 794, 795, 796, 798, 799, 806, 808, 809, 810, 812, 813, 814, 816, 823, 824, 826, 827, 830, 831, 833, 836, 837, 838, 841, 844, 845, 846, 848, 853, 856, 857, 860, 862, 863, 866, 868, 870, 872, 873, 876, 877, 880, 881, 882, 884, 885, 889, 890, 891, 893, 895]
r23_r: [385, 769, 130, 775, 9, 522, 397, 781, 654, 783, 401, 532, 533, 799, 32, 544, 546, 548, 676, 423, 43, 47, 560, 179, 435, 53, 315, 704, 65, 194, 196, 838, 328, 456, 584, 333, 336, 467, 88, 345, 603, 862, 351, 607, 226, 614, 622, 630, 503, 632, 249, 123, 763, 637]
