r1_l: [192, 257, 2, 578, 643, 771, 708, 519, 589, 845, 341, 726, 791, 793, 350, 289, 228, 231, 40, 617, 363, 427, 365, 685, 113, 817, 693, 757, 249, 825]
r1_r: [896, 706, 836, 5, 134, 138, 650, 651, 715, 77, 142, 462, 527, 144, 656, 784, 337, 18, 275, 276, 406, 538, 347, 732, 671, 227, 547, 357, 230, 298, 236, 429, 494, 111, 882, 629, 311, 631, 568, 760, 505, 507, 892, 189, 701, 447]
r2_l: [67, 323, 202, 203, 524, 461, 206, 334, 595, 787, 532, 597, 470, 472, 600, 666, 730, 603, 740, 745, 621, 366, 431, 623, 180, 886, 56, 248, 312, 824, 888, 314, 698, 891, 380, 766, 63]
r2_r: [0, 768, 516, 775, 11, 12, 268, 525, 270, 15, 16, 273, 275, 539, 795, 284, 540, 796, 797, 30, 286, 542, 31, 548, 37, 810, 812, 813, 558, 818, 54, 311, 570, 826, 316, 828, 573, 62, 319, 834, 68, 836, 69, 840, 586, 78, 590, 336, 338, 340, 858, 347, 862, 868, 357, 360, 878, 367, 625, 370, 882, 627, 885, 630, 631, 125, 381, 893, 126, 127, 384, 896, 390, 135, 655, 656, 145, 658, 662, 663, 418, 674, 164, 165, 166, 169, 171, 429, 432, 689, 692, 182, 186, 700, 191, 448, 194, 707, 199, 711, 716, 463, 211, 725, 731, 732, 223, 479, 480, 481, 226, 739, 235, 238, 241, 756, 501, 761]
r3_l: [131, 518, 263, 647, 649, 140, 141, 398, 528, 401, 147, 403, 659, 787, 20, 22, 24, 408, 281, 282, 666, 158, 287, 673, 291, 804, 39, 167, 41, 809, 811, 300, 556, 557, 815, 306, 179, 180, 565, 824, 57, 313, 314, 699, 827, 317, 445, 320, 577, 833, 580, 454, 712, 73, 74, 202, 461, 718, 719, 847, 722, 595, 724, 342, 470, 472, 600, 217, 345, 473, 730, 221, 349, 609, 354, 738, 361, 234, 749, 623, 751, 880, 753, 243, 371, 117, 886, 123, 891, 252, 766, 894]
r3_r: [0, 768, 516, 775, 11, 12, 268, 525, 270, 15, 16, 273, 275, 539, 795, 284, 540, 796, 797, 30, 286, 542, 31, 548, 37, 810, 812, 813, 558, 818, 54, 311, 570, 826, 316, 828, 573, 62, 319, 834, 68, 836, 69, 840, 586, 78, 590, 336, 338, 340, 858, 347, 862, 868, 357, 360, 878, 367, 625, 370, 882, 627, 885, 630, 631, 125, 381, 893, 126, 127, 384, 896, 390, 135, 655, 656, 145, 658, 662, 663, 418, 674, 164, 165, 166, 169, 171, 429, 432, 689, 692, 182, 186, 700, 191, 448, 194, 707, 199, 711, 716, 463, 211, 725, 731, 732, 223, 479, 480, 481, 226, 739, 235, 238, 241, 756, 501, 761]
r4_l: [517, 518, 263, 777, 266, 778, 528, 530, 787, 20, 532, 277, 22, 790, 24, 281, 282, 287, 799, 801, 291, 804, 39, 41, 809, 811, 300, 556, 557, 815, 561, 306, 563, 308, 309, 565, 822, 57, 313, 314, 827, 61, 317, 829, 320, 577, 833, 66, 323, 324, 580, 581, 71, 839, 328, 73, 329, 74, 333, 334, 847, 595, 597, 342, 600, 345, 601, 857, 860, 349, 95, 864, 353, 609, 354, 361, 621, 366, 623, 880, 371, 883, 117, 886, 123, 379, 891, 380, 894, 131, 899, 645, 647, 392, 649, 140, 141, 398, 401, 657, 147, 403, 659, 149, 408, 154, 410, 666, 413, 158, 673, 677, 167, 170, 688, 179, 180, 694, 699, 445, 196, 709, 454, 712, 202, 461, 206, 718, 719, 722, 212, 724, 213, 470, 472, 217, 473, 730, 221, 733, 738, 740, 229, 743, 745, 234, 751, 753, 243, 758, 248, 252, 508, 766]
r4_r: [0, 384, 768, 896, 516, 390, 525, 15, 655, 656, 145, 273, 658, 275, 795, 284, 286, 164, 548, 37, 810, 171, 429, 813, 558, 432, 689, 818, 692, 54, 182, 311, 570, 826, 700, 828, 573, 62, 319, 448, 194, 834, 707, 68, 836, 69, 711, 586, 716, 590, 463, 336, 338, 725, 347, 732, 223, 479, 357, 878, 241, 370, 882, 627, 501, 885, 630, 631, 381, 126, 127]
r5_l: [517, 518, 8, 520, 524, 528, 530, 20, 532, 22, 24, 39, 551, 41, 553, 43, 556, 557, 561, 563, 565, 567, 56, 57, 569, 58, 61, 63, 64, 577, 66, 67, 579, 580, 581, 71, 73, 74, 588, 81, 595, 84, 596, 597, 599, 600, 601, 603, 95, 608, 97, 609, 106, 619, 621, 623, 114, 117, 633, 123, 635, 131, 645, 647, 136, 649, 139, 140, 141, 657, 147, 659, 149, 154, 666, 158, 673, 677, 167, 170, 688, 179, 180, 694, 698, 699, 196, 709, 200, 712, 202, 203, 206, 718, 719, 722, 212, 724, 213, 217, 730, 221, 733, 738, 740, 229, 743, 745, 234, 749, 751, 753, 243, 758, 248, 252, 766, 263, 777, 266, 778, 787, 277, 790, 281, 282, 798, 287, 799, 288, 801, 291, 804, 809, 811, 300, 815, 306, 308, 309, 822, 312, 824, 313, 314, 827, 317, 829, 320, 833, 323, 324, 839, 328, 329, 843, 334, 847, 342, 345, 857, 348, 860, 349, 352, 864, 353, 354, 361, 366, 879, 880, 371, 883, 886, 888, 379, 891, 380, 894, 897, 899, 392, 393, 398, 401, 403, 408, 410, 421, 431, 445, 450, 454, 461, 470, 472, 473, 508]
r5_r: [0, 768, 516, 775, 11, 12, 268, 525, 270, 15, 16, 273, 275, 539, 795, 284, 540, 796, 797, 30, 286, 542, 31, 548, 37, 810, 812, 813, 558, 818, 54, 311, 570, 826, 316, 828, 573, 62, 319, 834, 68, 836, 69, 840, 586, 78, 590, 336, 338, 340, 858, 347, 862, 868, 357, 360, 878, 367, 625, 370, 882, 627, 885, 630, 631, 125, 381, 893, 126, 127, 384, 896, 133, 390, 135, 655, 656, 145, 658, 662, 663, 418, 674, 164, 165, 166, 169, 171, 429, 432, 689, 692, 182, 186, 700, 191, 448, 194, 707, 199, 711, 716, 463, 211, 725, 731, 732, 223, 479, 480, 481, 226, 739, 235, 238, 241, 756, 501, 761]
r6_l: [517, 518, 8, 520, 524, 528, 530, 531, 20, 532, 24, 27, 39, 551, 41, 553, 554, 43, 556, 45, 557, 561, 50, 563, 565, 567, 56, 57, 569, 58, 61, 63, 64, 577, 66, 67, 579, 580, 581, 71, 73, 74, 76, 588, 591, 81, 595, 84, 596, 597, 86, 599, 600, 601, 603, 92, 95, 608, 97, 609, 611, 101, 614, 616, 105, 106, 619, 621, 623, 114, 115, 117, 633, 123, 635, 131, 645, 647, 649, 139, 140, 141, 657, 147, 659, 149, 153, 154, 666, 155, 158, 673, 677, 167, 170, 682, 688, 179, 180, 694, 698, 699, 196, 709, 200, 712, 713, 202, 203, 206, 718, 719, 722, 212, 724, 213, 217, 730, 221, 733, 735, 738, 740, 229, 743, 232, 745, 234, 749, 751, 753, 754, 243, 758, 248, 252, 766, 263, 777, 266, 778, 782, 787, 277, 790, 281, 282, 798, 287, 799, 288, 801, 291, 292, 804, 809, 811, 300, 301, 815, 306, 308, 309, 822, 312, 824, 313, 314, 827, 317, 829, 320, 833, 323, 835, 324, 838, 839, 328, 329, 843, 334, 847, 848, 342, 345, 857, 348, 860, 349, 352, 864, 353, 354, 356, 361, 362, 364, 366, 879, 880, 371, 883, 886, 888, 379, 891, 380, 894, 897, 899, 392, 393, 398, 401, 403, 408, 410, 421, 426, 430, 431, 445, 450, 454, 461, 470, 472, 473, 485, 502, 508]
r6_r: [0, 1, 516, 10, 522, 11, 12, 525, 14, 526, 15, 16, 18, 535, 538, 539, 28, 540, 30, 542, 31, 548, 37, 552, 42, 555, 44, 46, 558, 47, 559, 54, 570, 571, 60, 572, 573, 62, 576, 65, 68, 69, 70, 72, 585, 586, 75, 78, 590, 592, 83, 90, 602, 91, 613, 108, 624, 625, 627, 628, 629, 118, 630, 631, 632, 124, 125, 126, 127, 129, 130, 133, 135, 138, 652, 653, 143, 655, 656, 145, 146, 658, 148, 660, 662, 663, 152, 665, 667, 159, 672, 162, 674, 164, 165, 166, 168, 169, 171, 173, 174, 686, 175, 176, 689, 692, 182, 695, 696, 697, 186, 187, 700, 191, 703, 704, 705, 194, 706, 195, 707, 710, 199, 711, 714, 716, 205, 210, 211, 725, 728, 731, 732, 222, 223, 226, 739, 235, 747, 236, 238, 241, 242, 244, 756, 246, 247, 759, 761, 764, 253, 254, 768, 775, 264, 265, 268, 270, 784, 273, 786, 275, 276, 788, 795, 284, 796, 797, 286, 802, 293, 294, 810, 812, 813, 304, 816, 818, 307, 310, 311, 826, 316, 828, 318, 319, 321, 322, 834, 836, 325, 326, 327, 840, 841, 331, 336, 338, 850, 851, 340, 344, 346, 858, 347, 861, 862, 865, 355, 868, 357, 358, 870, 871, 360, 878, 367, 881, 370, 882, 885, 887, 381, 893, 384, 896, 385, 390, 395, 396, 414, 418, 425, 428, 429, 432, 435, 448, 453, 458, 460, 463, 465, 471, 476, 479, 480, 481, 483, 487, 488, 489, 492, 499, 501]
r7_l: [517, 518, 8, 520, 524, 13, 528, 530, 531, 20, 532, 22, 23, 24, 27, 541, 39, 551, 41, 553, 554, 43, 556, 45, 557, 561, 50, 563, 565, 567, 56, 57, 569, 58, 61, 574, 63, 575, 64, 577, 66, 67, 579, 580, 581, 71, 73, 74, 76, 588, 591, 81, 595, 84, 596, 597, 86, 599, 600, 601, 603, 92, 95, 608, 97, 609, 611, 101, 614, 616, 105, 106, 619, 621, 623, 112, 114, 115, 116, 117, 119, 633, 123, 635, 636, 637, 131, 645, 647, 136, 649, 139, 140, 141, 657, 147, 659, 149, 664, 153, 154, 666, 155, 157, 158, 673, 677, 167, 681, 170, 682, 688, 179, 180, 694, 183, 698, 699, 188, 196, 709, 200, 712, 713, 202, 203, 204, 206, 718, 719, 722, 212, 724, 213, 217, 730, 221, 733, 735, 738, 740, 229, 743, 232, 744, 745, 234, 746, 748, 749, 239, 751, 753, 754, 243, 758, 248, 252, 766, 262, 263, 777, 266, 778, 267, 781, 782, 274, 787, 277, 790, 281, 282, 798, 287, 799, 288, 801, 291, 292, 804, 809, 811, 300, 301, 815, 306, 308, 309, 822, 312, 824, 313, 314, 827, 317, 829, 320, 833, 323, 835, 324, 838, 839, 328, 329, 843, 333, 334, 847, 848, 342, 345, 857, 348, 860, 349, 352, 864, 353, 354, 356, 869, 361, 362, 364, 366, 879, 880, 371, 883, 884, 886, 376, 888, 379, 891, 380, 894, 383, 897, 899, 388, 392, 393, 398, 401, 403, 408, 410, 413, 421, 426, 430, 431, 445, 450, 454, 461, 466, 470, 472, 473, 485, 502, 508]
r7_r: [0, 768, 1, 516, 5, 265, 522, 11, 268, 525, 14, 15, 527, 16, 18, 786, 275, 276, 788, 535, 537, 28, 796, 797, 30, 31, 544, 548, 293, 810, 44, 812, 813, 46, 558, 816, 818, 307, 310, 311, 568, 570, 571, 60, 572, 828, 319, 65, 321, 322, 68, 836, 69, 325, 326, 840, 585, 841, 586, 75, 331, 590, 336, 337, 338, 83, 851, 340, 344, 90, 346, 858, 865, 355, 868, 358, 870, 360, 878, 111, 624, 881, 882, 627, 628, 629, 885, 118, 631, 887, 124, 125, 381, 126, 896, 129, 130, 138, 650, 651, 396, 652, 143, 655, 656, 658, 660, 663, 665, 667, 672, 162, 674, 164, 165, 166, 168, 169, 425, 171, 428, 173, 429, 174, 432, 689, 435, 182, 695, 696, 697, 186, 187, 703, 448, 704, 705, 706, 707, 453, 710, 199, 711, 458, 460, 205, 462, 208, 465, 210, 211, 469, 725, 214, 728, 476, 732, 222, 223, 479, 481, 226, 227, 487, 488, 489, 235, 491, 236, 494, 242, 499, 244, 756, 501, 247, 505, 761, 764, 255]
r8_l: [517, 8, 520, 524, 13, 528, 530, 531, 20, 23, 25, 39, 551, 40, 41, 553, 554, 43, 45, 561, 50, 563, 567, 56, 57, 569, 58, 61, 63, 575, 64, 577, 66, 67, 579, 580, 581, 582, 71, 589, 81, 595, 84, 596, 597, 86, 599, 601, 603, 92, 95, 608, 97, 609, 101, 616, 619, 621, 623, 112, 113, 114, 115, 116, 119, 633, 634, 123, 635, 636, 637, 638, 645, 647, 649, 140, 141, 657, 147, 659, 664, 153, 154, 666, 155, 157, 158, 160, 677, 167, 679, 170, 682, 688, 180, 181, 693, 694, 698, 699, 188, 196, 708, 197, 709, 200, 712, 713, 202, 203, 204, 206, 720, 721, 722, 212, 724, 213, 217, 218, 730, 221, 733, 735, 736, 740, 229, 231, 743, 744, 745, 234, 746, 749, 239, 751, 753, 754, 243, 758, 248, 262, 774, 263, 777, 266, 778, 267, 781, 782, 272, 274, 277, 278, 790, 281, 287, 799, 288, 289, 801, 291, 292, 297, 301, 815, 817, 306, 308, 820, 309, 822, 825, 314, 827, 829, 323, 835, 324, 839, 328, 329, 843, 845, 334, 847, 848, 341, 342, 855, 856, 857, 348, 860, 352, 864, 353, 869, 362, 364, 366, 879, 883, 884, 376, 888, 889, 379, 380, 894, 897, 898, 899, 388, 392, 398, 400, 403, 407, 408, 409, 410, 417, 419, 426, 430, 434, 440, 450, 461, 466, 470, 475, 485, 495, 508, 509]
r8_r: [768, 896, 586, 651, 462, 15, 656, 337, 338, 658, 275, 725, 663, 223, 98, 810, 171, 429, 494, 878, 111, 432, 882, 627, 885, 311, 631, 568, 828, 319]
r9_l: [517, 8, 520, 524, 13, 528, 530, 531, 20, 22, 23, 536, 541, 39, 551, 41, 553, 554, 43, 45, 561, 50, 563, 564, 567, 56, 57, 569, 58, 59, 61, 63, 575, 64, 577, 66, 67, 579, 580, 581, 71, 81, 595, 84, 596, 597, 86, 87, 599, 601, 603, 92, 95, 608, 97, 609, 101, 615, 616, 619, 621, 623, 112, 115, 116, 119, 633, 634, 123, 635, 636, 637, 128, 640, 645, 646, 647, 136, 648, 649, 140, 141, 657, 147, 659, 664, 153, 154, 666, 155, 157, 158, 677, 167, 681, 170, 682, 688, 180, 694, 183, 698, 699, 188, 190, 196, 709, 200, 712, 713, 202, 203, 204, 206, 207, 722, 723, 212, 724, 213, 217, 730, 221, 733, 735, 737, 738, 740, 229, 743, 744, 745, 234, 746, 748, 749, 239, 751, 753, 754, 243, 758, 248, 770, 259, 262, 263, 777, 266, 778, 267, 781, 782, 271, 274, 277, 790, 280, 281, 287, 799, 288, 801, 291, 292, 296, 301, 815, 306, 308, 309, 822, 823, 314, 827, 829, 323, 835, 324, 839, 328, 329, 843, 334, 847, 848, 852, 342, 343, 857, 348, 860, 352, 864, 353, 869, 872, 362, 364, 366, 879, 880, 883, 884, 376, 888, 377, 890, 379, 380, 894, 383, 897, 899, 388, 392, 397, 398, 403, 404, 405, 408, 410, 413, 416, 426, 430, 450, 456, 459, 461, 466, 467, 470, 485, 508]
r9_r: [0, 768, 516, 775, 11, 12, 268, 525, 270, 15, 16, 273, 275, 539, 795, 284, 540, 796, 797, 30, 286, 542, 31, 548, 37, 810, 812, 813, 558, 818, 54, 311, 568, 570, 826, 316, 828, 573, 62, 319, 834, 68, 836, 69, 840, 586, 78, 590, 336, 337, 338, 340, 858, 347, 862, 98, 868, 357, 360, 107, 620, 878, 111, 367, 625, 370, 882, 627, 885, 630, 631, 892, 125, 381, 893, 126, 127, 384, 896, 390, 135, 651, 142, 655, 656, 145, 658, 662, 663, 418, 674, 164, 165, 166, 169, 171, 429, 176, 432, 689, 692, 182, 186, 700, 191, 448, 194, 707, 199, 711, 715, 716, 462, 463, 211, 725, 731, 732, 223, 479, 480, 481, 226, 739, 235, 491, 238, 494, 241, 756, 501, 761]
r10_l: [517, 518, 8, 520, 524, 13, 528, 530, 531, 20, 532, 22, 23, 24, 536, 25, 26, 27, 541, 33, 39, 551, 40, 41, 553, 554, 43, 556, 45, 557, 561, 50, 563, 564, 565, 567, 57, 569, 58, 59, 61, 574, 63, 575, 64, 577, 66, 67, 579, 580, 581, 582, 71, 73, 74, 76, 588, 589, 591, 81, 595, 84, 596, 597, 86, 87, 599, 600, 601, 603, 92, 604, 93, 95, 608, 97, 609, 611, 101, 614, 103, 615, 104, 616, 105, 106, 619, 109, 621, 623, 112, 114, 115, 116, 117, 119, 121, 633, 634, 123, 635, 636, 637, 638, 128, 640, 131, 644, 645, 646, 647, 648, 137, 649, 139, 140, 141, 657, 147, 659, 149, 661, 664, 153, 154, 666, 155, 157, 158, 160, 673, 163, 677, 167, 679, 681, 170, 682, 688, 179, 180, 181, 693, 694, 183, 698, 699, 188, 190, 196, 708, 197, 709, 198, 200, 712, 713, 202, 204, 206, 718, 207, 719, 720, 721, 722, 723, 212, 724, 213, 217, 218, 730, 221, 733, 734, 735, 736, 737, 738, 740, 229, 231, 743, 232, 744, 745, 234, 746, 749, 239, 751, 752, 753, 754, 243, 758, 248, 762, 252, 766, 256, 770, 259, 262, 774, 263, 777, 266, 778, 267, 782, 271, 272, 274, 787, 277, 789, 278, 790, 280, 792, 281, 282, 798, 287, 799, 288, 289, 801, 291, 292, 804, 805, 296, 297, 811, 300, 301, 815, 305, 817, 306, 308, 820, 309, 822, 823, 312, 824, 313, 825, 314, 827, 317, 829, 320, 833, 323, 835, 324, 838, 839, 328, 329, 330, 843, 333, 845, 334, 847, 848, 852, 341, 342, 343, 855, 856, 345, 857, 348, 860, 349, 863, 352, 864, 353, 354, 356, 869, 872, 361, 362, 364, 876, 366, 879, 880, 371, 883, 884, 886, 376, 888, 377, 889, 890, 379, 380, 894, 897, 898, 899, 388, 392, 393, 397, 398, 400, 401, 403, 404, 405, 407, 408, 409, 410, 413, 416, 417, 419, 421, 426, 430, 431, 434, 440, 445, 446, 450, 451, 454, 455, 456, 459, 461, 466, 467, 470, 472, 473, 475, 477, 478, 485, 495, 498, 500, 502, 508, 509]
r10_r: [768, 896, 586, 651, 462, 15, 656, 337, 338, 658, 275, 725, 663, 796, 223, 98, 166, 169, 810, 171, 429, 494, 878, 111, 432, 882, 627, 885, 311, 631, 568, 828, 319]
r11_l: [193, 842, 779, 717, 654, 335, 399, 534, 88, 606, 224, 161, 34, 546, 610, 803, 867, 422, 550, 742, 618, 684, 110, 626, 51, 437, 55, 382, 702, 639]
r11_r: [1, 772, 261, 264, 10, 779, 12, 268, 270, 526, 15, 783, 16, 785, 18, 786, 275, 534, 535, 537, 794, 283, 539, 28, 540, 796, 797, 286, 542, 31, 32, 34, 546, 803, 548, 37, 294, 550, 42, 555, 44, 812, 813, 47, 559, 48, 562, 51, 53, 54, 310, 55, 316, 318, 830, 831, 322, 69, 325, 837, 327, 583, 72, 840, 842, 331, 844, 78, 590, 335, 336, 849, 850, 340, 346, 602, 858, 347, 861, 862, 610, 867, 868, 871, 360, 617, 873, 618, 107, 875, 108, 620, 877, 110, 367, 369, 881, 626, 882, 120, 632, 124, 125, 382, 385, 386, 643, 133, 135, 395, 396, 652, 142, 654, 399, 146, 148, 660, 662, 152, 411, 668, 414, 672, 674, 675, 165, 166, 422, 678, 169, 425, 684, 173, 685, 174, 686, 175, 689, 178, 435, 437, 695, 443, 702, 448, 193, 195, 199, 711, 458, 714, 205, 464, 211, 214, 727, 731, 224, 480, 481, 226, 228, 486, 742, 487, 490, 491, 747, 492, 493, 238, 242, 499, 755, 244, 246, 247, 504, 251, 765, 255, 767]
r12_l: [0, 1, 514, 3, 516, 5, 521, 522, 11, 525, 14, 15, 527, 16, 529, 18, 534, 535, 537, 28, 29, 30, 31, 32, 544, 34, 546, 35, 547, 548, 38, 44, 46, 558, 51, 52, 55, 568, 570, 571, 60, 572, 65, 68, 69, 583, 585, 586, 75, 587, 77, 590, 80, 83, 88, 90, 94, 606, 98, 610, 100, 618, 110, 111, 624, 626, 627, 628, 629, 118, 631, 120, 124, 125, 126, 639, 129, 130, 643, 134, 138, 650, 651, 652, 654, 143, 655, 656, 658, 660, 663, 665, 667, 156, 672, 161, 162, 674, 164, 165, 166, 678, 168, 169, 171, 684, 173, 685, 174, 687, 689, 182, 695, 696, 697, 186, 187, 701, 703, 704, 193, 705, 706, 707, 710, 199, 711, 201, 205, 717, 208, 210, 211, 725, 214, 726, 215, 727, 728, 219, 220, 732, 222, 223, 226, 227, 741, 235, 236, 750, 240, 242, 755, 244, 756, 247, 760, 761, 764, 255, 767, 768, 776, 265, 268, 269, 786, 275, 276, 788, 283, 796, 797, 800, 290, 803, 293, 295, 810, 812, 813, 816, 818, 307, 310, 311, 828, 319, 831, 321, 322, 836, 325, 837, 326, 840, 841, 842, 331, 332, 844, 846, 335, 336, 337, 849, 338, 851, 340, 344, 346, 858, 350, 865, 355, 868, 358, 870, 360, 363, 877, 878, 881, 882, 373, 885, 887, 378, 381, 382, 896, 391, 396, 399, 422, 423, 425, 427, 428, 429, 432, 435, 437, 439, 441, 443, 447, 448, 449, 452, 453, 458, 460, 462, 464, 465, 469, 476, 479, 481, 487, 488, 489, 490, 491, 493, 494, 499, 501, 505]
r12_r: [193, 842, 779, 717, 654, 335, 399, 534, 88, 606, 224, 161, 34, 546, 610, 803, 867, 422, 550, 742, 618, 684, 110, 626, 51, 437, 55, 382, 702, 639]
r13_l: [0, 1, 514, 3, 516, 5, 521, 10, 522, 11, 523, 12, 525, 14, 526, 15, 527, 16, 529, 18, 534, 535, 537, 538, 539, 28, 540, 29, 30, 542, 31, 544, 34, 547, 548, 37, 549, 38, 550, 552, 42, 555, 44, 46, 558, 47, 559, 48, 51, 52, 53, 54, 568, 570, 571, 60, 572, 573, 62, 576, 65, 68, 69, 70, 72, 585, 586, 75, 77, 78, 590, 592, 82, 83, 88, 89, 90, 602, 91, 605, 606, 100, 613, 618, 107, 108, 620, 110, 111, 624, 625, 627, 628, 629, 118, 630, 631, 632, 122, 124, 125, 126, 127, 639, 129, 130, 642, 133, 134, 135, 138, 650, 651, 652, 653, 142, 654, 143, 655, 656, 145, 146, 658, 148, 660, 662, 151, 663, 152, 665, 667, 159, 671, 672, 162, 674, 164, 676, 165, 166, 168, 680, 169, 171, 684, 173, 174, 686, 175, 687, 689, 692, 182, 695, 696, 697, 186, 187, 700, 189, 701, 191, 703, 704, 705, 194, 706, 195, 707, 710, 199, 711, 714, 715, 716, 205, 717, 208, 210, 211, 725, 214, 215, 728, 731, 220, 732, 222, 223, 224, 226, 227, 739, 235, 747, 236, 238, 241, 242, 244, 756, 246, 247, 759, 760, 761, 250, 764, 253, 254, 255, 768, 772, 261, 775, 264, 776, 265, 779, 268, 270, 783, 784, 273, 785, 786, 275, 276, 788, 795, 284, 796, 797, 286, 800, 290, 802, 803, 293, 294, 295, 810, 812, 813, 302, 304, 816, 818, 307, 819, 310, 311, 826, 316, 828, 318, 319, 321, 322, 834, 836, 325, 326, 327, 840, 841, 842, 331, 332, 844, 846, 335, 336, 337, 338, 850, 339, 851, 340, 853, 344, 346, 858, 347, 861, 862, 865, 355, 867, 868, 357, 358, 870, 871, 360, 878, 367, 881, 370, 882, 372, 373, 885, 887, 892, 381, 893, 382, 895, 384, 896, 385, 390, 391, 395, 396, 399, 406, 414, 418, 422, 425, 428, 429, 432, 435, 437, 439, 441, 447, 448, 452, 453, 458, 460, 462, 463, 465, 469, 471, 476, 479, 480, 481, 483, 487, 488, 489, 491, 492, 494, 496, 499, 501, 504, 505, 510]
r13_r: [193, 842, 779, 332, 717, 654, 335, 399, 534, 88, 606, 224, 34, 546, 610, 803, 867, 422, 550, 742, 618, 684, 110, 626, 51, 437, 55, 382, 702, 639]
r14_l: [0, 1, 2, 3, 5, 6, 7, 10, 11, 12, 14, 15, 16, 17, 18, 28, 29, 30, 31, 32, 35, 36, 37, 38, 42, 44, 46, 47, 48, 52, 53, 54, 60, 62, 65, 68, 69, 70, 72, 75, 77, 78, 79, 80, 82, 83, 89, 90, 91, 94, 98, 100, 107, 108, 111, 118, 120, 122, 125, 126, 127, 129, 130, 133, 134, 135, 138, 142, 143, 145, 146, 148, 151, 152, 156, 159, 162, 164, 165, 166, 168, 169, 171, 173, 174, 175, 176, 177, 182, 184, 186, 187, 189, 191, 192, 194, 195, 199, 201, 205, 208, 210, 211, 214, 215, 219, 220, 222, 223, 225, 226, 227, 228, 235, 236, 238, 240, 241, 242, 244, 246, 247, 249, 250, 251, 253, 254, 255, 257, 261, 264, 265, 268, 269, 270, 273, 275, 276, 283, 284, 286, 290, 293, 294, 295, 298, 302, 304, 307, 310, 311, 315, 316, 318, 319, 321, 322, 326, 327, 331, 336, 337, 338, 339, 340, 344, 346, 347, 350, 355, 357, 358, 360, 363, 367, 369, 370, 372, 373, 378, 381, 384, 385, 386, 390, 391, 394, 395, 396, 406, 411, 414, 418, 423, 425, 427, 428, 429, 432, 435, 439, 441, 443, 447, 448, 449, 452, 453, 458, 460, 462, 463, 464, 465, 469, 471, 476, 479, 480, 481, 483, 486, 487, 488, 489, 490, 491, 492, 493, 494, 496, 499, 501, 505, 506, 510, 514, 516, 519, 521, 522, 523, 525, 526, 527, 529, 535, 537, 538, 539, 540, 542, 544, 547, 548, 549, 552, 555, 558, 559, 566, 568, 570, 571, 572, 573, 576, 578, 583, 585, 586, 587, 590, 592, 602, 605, 607, 613, 617, 620, 624, 625, 627, 628, 629, 630, 631, 632, 642, 643, 650, 651, 652, 653, 655, 656, 658, 660, 662, 663, 665, 667, 668, 671, 672, 674, 675, 676, 678, 680, 685, 686, 687, 689, 690, 692, 695, 696, 697, 700, 701, 703, 704, 705, 706, 707, 710, 711, 714, 715, 716, 725, 726, 727, 728, 731, 732, 739, 741, 747, 750, 755, 756, 757, 759, 760, 761, 764, 765, 768, 769, 773, 775, 776, 783, 784, 788, 791, 793, 794, 795, 796, 797, 800, 802, 810, 812, 813, 814, 816, 818, 819, 826, 828, 830, 831, 834, 836, 837, 840, 841, 846, 849, 850, 851, 853, 858, 861, 862, 865, 868, 870, 871, 873, 875, 877, 878, 881, 882, 885, 887, 892, 893, 895, 896]
r14_r: [193, 842, 779, 332, 717, 654, 335, 399, 534, 88, 606, 224, 161, 34, 546, 610, 803, 867, 422, 550, 742, 618, 110, 626, 51, 437, 55, 382, 702, 639]
r15_l: [513, 517, 518, 8, 520, 524, 13, 528, 530, 19, 20, 532, 533, 22, 23, 24, 39, 551, 41, 553, 43, 556, 557, 560, 561, 50, 563, 565, 567, 56, 57, 569, 58, 61, 63, 575, 64, 577, 66, 67, 579, 580, 581, 71, 584, 73, 74, 81, 594, 595, 84, 596, 597, 598, 599, 600, 601, 603, 95, 608, 97, 609, 99, 106, 619, 621, 623, 114, 117, 119, 633, 634, 123, 635, 636, 637, 131, 645, 647, 649, 140, 141, 657, 147, 659, 149, 150, 664, 154, 666, 157, 158, 673, 677, 167, 170, 688, 179, 691, 180, 694, 698, 699, 188, 196, 709, 200, 712, 202, 203, 206, 718, 719, 722, 212, 724, 213, 216, 217, 730, 221, 733, 738, 740, 229, 743, 744, 745, 234, 746, 749, 239, 751, 753, 243, 245, 758, 248, 252, 766, 260, 262, 263, 777, 266, 778, 274, 787, 277, 790, 281, 282, 798, 287, 799, 288, 801, 291, 804, 806, 809, 299, 811, 300, 815, 306, 308, 309, 822, 312, 824, 313, 314, 827, 317, 829, 320, 832, 833, 323, 324, 839, 328, 329, 843, 334, 847, 342, 345, 857, 348, 860, 349, 351, 864, 353, 354, 866, 869, 361, 874, 366, 879, 880, 371, 883, 884, 374, 886, 376, 888, 379, 891, 380, 894, 897, 387, 899, 388, 389, 392, 393, 398, 401, 403, 408, 410, 412, 415, 421, 431, 433, 436, 438, 444, 445, 450, 454, 457, 461, 466, 470, 472, 473, 485, 497, 508]
r15_r: [0, 1, 516, 5, 522, 11, 525, 14, 15, 527, 16, 18, 534, 535, 537, 28, 30, 31, 544, 34, 548, 44, 46, 558, 51, 568, 570, 571, 60, 572, 65, 68, 69, 585, 586, 75, 590, 83, 88, 90, 606, 618, 110, 111, 624, 627, 628, 629, 118, 631, 124, 125, 126, 639, 129, 130, 138, 650, 651, 652, 654, 143, 655, 656, 658, 660, 663, 665, 667, 672, 162, 674, 164, 165, 166, 168, 169, 171, 684, 173, 174, 689, 182, 695, 696, 697, 186, 187, 703, 704, 705, 706, 707, 710, 199, 711, 205, 717, 208, 210, 211, 725, 214, 728, 732, 222, 223, 226, 227, 235, 236, 242, 244, 756, 247, 761, 764, 255, 768, 265, 268, 786, 275, 276, 788, 796, 797, 803, 293, 810, 812, 813, 816, 818, 307, 310, 311, 828, 319, 321, 322, 836, 325, 326, 840, 841, 842, 331, 332, 844, 335, 336, 337, 338, 851, 340, 344, 346, 858, 865, 355, 868, 358, 870, 360, 878, 881, 882, 885, 887, 381, 382, 896, 396, 399, 422, 425, 428, 429, 432, 435, 437, 448, 453, 458, 460, 462, 465, 469, 476, 479, 481, 487, 488, 489, 491, 494, 499, 501, 505]
r16_l: [4, 8, 9, 13, 19, 20, 21, 22, 23, 24, 25, 26, 27, 33, 39, 40, 41, 43, 45, 50, 57, 58, 59, 61, 63, 64, 66, 67, 71, 73, 74, 76, 81, 84, 85, 86, 87, 92, 93, 95, 96, 97, 99, 101, 102, 103, 104, 105, 106, 109, 112, 113, 114, 115, 116, 117, 119, 121, 123, 128, 131, 137, 139, 140, 141, 147, 149, 153, 154, 155, 157, 158, 160, 163, 167, 170, 172, 179, 180, 181, 183, 185, 188, 190, 196, 197, 198, 200, 202, 204, 206, 207, 212, 213, 217, 218, 221, 229, 231, 232, 234, 237, 239, 243, 245, 252, 256, 258, 259, 260, 262, 263, 266, 267, 271, 272, 274, 277, 278, 279, 280, 281, 282, 287, 288, 289, 291, 292, 296, 297, 299, 300, 301, 305, 306, 308, 309, 312, 313, 314, 317, 320, 323, 324, 328, 329, 330, 333, 334, 341, 342, 343, 345, 348, 349, 351, 352, 353, 354, 356, 361, 362, 364, 366, 371, 374, 376, 377, 379, 380, 387, 388, 389, 392, 393, 397, 398, 400, 401, 402, 403, 404, 405, 407, 408, 410, 412, 413, 415, 416, 417, 419, 420, 421, 424, 426, 430, 431, 433, 434, 436, 438, 440, 442, 444, 445, 446, 450, 451, 454, 455, 456, 457, 459, 461, 466, 467, 468, 470, 472, 473, 475, 477, 478, 482, 485, 495, 497, 498, 500, 502, 503, 508, 509, 511, 512, 513, 517, 518, 520, 524, 528, 530, 531, 532, 533, 536, 541, 551, 553, 554, 556, 557, 560, 561, 563, 564, 565, 567, 569, 574, 575, 577, 579, 580, 581, 582, 584, 588, 589, 591, 594, 595, 596, 597, 598, 599, 600, 601, 603, 604, 608, 609, 611, 614, 615, 616, 619, 621, 622, 623, 633, 634, 635, 636, 637, 638, 640, 641, 644, 645, 646, 647, 648, 649, 657, 659, 661, 664, 666, 669, 670, 673, 677, 679, 681, 682, 683, 688, 691, 693, 694, 698, 699, 708, 709, 712, 713, 718, 719, 720, 721, 722, 723, 724, 730, 733, 734, 735, 736, 737, 738, 740, 743, 744, 745, 746, 749, 751, 752, 753, 754, 758, 762, 766, 770, 771, 774, 777, 778, 780, 782, 787, 789, 790, 792, 798, 799, 801, 804, 805, 806, 807, 811, 815, 817, 820, 821, 822, 823, 824, 825, 827, 829, 832, 833, 835, 838, 839, 843, 845, 847, 848, 852, 854, 855, 856, 857, 859, 860, 863, 864, 866, 869, 872, 874, 876, 879, 880, 883, 884, 886, 888, 889, 890, 894, 897, 898, 899]
r16_r: [0, 768, 516, 5, 265, 11, 268, 269, 525, 14, 15, 527, 16, 18, 275, 276, 788, 796, 797, 30, 31, 35, 548, 293, 810, 812, 813, 46, 558, 816, 818, 311, 568, 570, 571, 60, 572, 828, 319, 65, 321, 322, 68, 836, 69, 326, 583, 840, 841, 586, 75, 331, 587, 590, 80, 336, 337, 849, 338, 83, 340, 344, 858, 865, 98, 355, 868, 358, 870, 360, 363, 877, 878, 111, 624, 882, 627, 628, 629, 885, 118, 631, 887, 120, 378, 125, 381, 126, 896, 129, 130, 643, 138, 650, 651, 143, 655, 656, 658, 663, 665, 667, 156, 672, 162, 674, 164, 165, 166, 678, 423, 168, 169, 425, 171, 427, 428, 173, 429, 685, 432, 689, 182, 695, 696, 697, 186, 187, 703, 448, 449, 705, 706, 707, 453, 199, 711, 201, 460, 462, 208, 464, 465, 210, 211, 725, 726, 727, 728, 219, 476, 732, 222, 223, 479, 481, 226, 227, 741, 488, 489, 235, 491, 236, 493, 494, 750, 242, 755, 244, 756, 501, 505, 761, 764, 255]
