r1_l: [259, 5, 263, 264, 266, 11, 270, 15, 271, 19, 22, 24, 26, 27, 28, 287, 292, 293, 38, 39, 299, 303, 305, 309, 310, 55, 57, 317, 63, 319, 68, 324, 326, 329, 332, 333, 338, 87, 89, 90, 346, 348, 350, 352, 97, 101, 357, 360, 105, 106, 110, 367, 114, 370, 376, 379, 124, 381, 131, 389, 391, 395, 140, 396, 142, 145, 150, 152, 410, 412, 159, 417, 418, 419, 420, 166, 174, 176, 432, 435, 182, 444, 445, 190, 446, 447, 192, 194, 452, 197, 453, 456, 457, 202, 205, 461, 207, 209, 466, 468, 213, 214, 473, 474, 220, 477, 478, 230, 232, 240, 245, 247, 249]
r1_r: [1, 2, 3, 387, 132, 260, 134, 7, 8, 136, 394, 139, 13, 269, 398, 399, 400, 401, 18, 146, 275, 276, 149, 277, 407, 153, 409, 156, 413, 30, 414, 33, 34, 422, 424, 42, 298, 171, 45, 48, 177, 307, 436, 53, 437, 184, 312, 185, 313, 315, 61, 62, 191, 67, 451, 196, 327, 75, 459, 334, 79, 463, 80, 82, 211, 84, 86, 342, 470, 215, 471, 344, 345, 219, 92, 93, 95, 96, 224, 482, 99, 100, 358, 107, 235, 236, 237, 113, 369, 116, 119, 377, 378, 123, 255]
r2_l: [259, 5, 264, 265, 266, 11, 267, 270, 15, 271, 16, 22, 24, 26, 27, 28, 287, 288, 292, 37, 293, 38, 39, 40, 299, 301, 46, 303, 57, 63, 319, 65, 323, 68, 324, 326, 329, 332, 333, 335, 338, 85, 87, 89, 90, 346, 347, 348, 350, 352, 97, 101, 105, 106, 109, 110, 367, 114, 121, 124, 381, 128, 131, 137, 395, 140, 396, 142, 145, 148, 150, 152, 410, 412, 158, 159, 160, 417, 418, 419, 420, 166, 169, 170, 173, 176, 434, 435, 186, 190, 447, 192, 448, 193, 194, 197, 453, 202, 204, 205, 461, 462, 207, 209, 466, 213, 214, 472, 220, 476, 477, 478, 227, 485, 230, 232, 240, 242, 245, 247, 249]
r2_r: [1, 2, 3, 387, 132, 260, 134, 7, 8, 136, 139, 13, 269, 398, 399, 400, 401, 18, 275, 276, 149, 277, 407, 153, 409, 156, 30, 414, 33, 34, 422, 424, 42, 298, 171, 45, 48, 177, 307, 53, 437, 184, 312, 185, 313, 315, 61, 62, 191, 67, 451, 196, 327, 75, 459, 334, 79, 463, 80, 82, 211, 84, 86, 342, 470, 215, 344, 345, 219, 92, 93, 95, 96, 482, 99, 100, 358, 107, 235, 236, 237, 113, 369, 116, 119, 377, 378, 123, 255]
r3_l: [259, 5, 264, 265, 266, 11, 267, 270, 15, 271, 16, 19, 22, 24, 26, 27, 28, 286, 287, 288, 292, 37, 293, 38, 294, 39, 295, 40, 299, 301, 46, 303, 309, 310, 55, 57, 317, 63, 319, 65, 323, 68, 324, 326, 73, 329, 332, 333, 335, 81, 338, 340, 85, 87, 89, 90, 346, 347, 348, 349, 350, 352, 97, 101, 357, 360, 105, 106, 108, 109, 110, 367, 114, 370, 375, 376, 121, 379, 124, 381, 128, 386, 131, 389, 391, 137, 395, 140, 396, 397, 142, 145, 403, 148, 150, 152, 408, 410, 411, 412, 158, 159, 160, 417, 162, 418, 419, 420, 166, 167, 169, 425, 170, 426, 172, 173, 174, 176, 432, 434, 435, 180, 182, 441, 186, 188, 444, 445, 190, 446, 447, 192, 448, 193, 449, 194, 450, 452, 197, 453, 454, 456, 457, 202, 204, 460, 205, 461, 206, 462, 207, 209, 466, 468, 213, 214, 472, 220, 476, 477, 478, 225, 227, 485, 230, 232, 240, 241, 242, 245, 247, 249, 251]
r3_r: [1, 2, 3, 387, 132, 260, 134, 7, 8, 136, 139, 13, 269, 398, 399, 400, 401, 18, 275, 276, 149, 277, 407, 153, 409, 156, 30, 414, 33, 34, 422, 424, 42, 298, 171, 45, 48, 177, 307, 53, 437, 184, 312, 185, 313, 315, 61, 62, 191, 67, 451, 196, 327, 75, 459, 334, 79, 463, 80, 82, 211, 84, 86, 342, 470, 215, 344, 345, 219, 92, 93, 95, 96, 482, 99, 100, 358, 107, 235, 236, 237, 113, 369, 116, 119, 377, 378, 123, 255]
r4_l: [1, 2, 3, 387, 132, 260, 134, 7, 8, 136, 139, 13, 269, 398, 399, 400, 401, 18, 275, 276, 149, 277, 407, 153, 409, 156, 30, 414, 33, 34, 422, 424, 42, 298, 171, 45, 48, 177, 307, 53, 437, 184, 312, 185, 313, 315, 61, 62, 191, 67, 451, 196, 327, 75, 459, 334, 79, 463, 80, 82, 211, 84, 86, 342, 470, 215, 344, 345, 219, 92, 93, 95, 96, 482, 99, 100, 358, 107, 235, 236, 237, 113, 369, 116, 119, 377, 378, 123, 255]
r4_r: [259, 5, 263, 264, 266, 11, 270, 15, 271, 19, 22, 24, 26, 27, 28, 287, 292, 293, 38, 39, 299, 303, 305, 309, 310, 55, 57, 317, 63, 319, 68, 324, 326, 329, 332, 333, 338, 87, 89, 90, 346, 348, 350, 352, 97, 101, 357, 360, 105, 106, 109, 110, 367, 114, 370, 376, 379, 124, 381, 131, 389, 391, 395, 140, 396, 142, 145, 150, 152, 410, 412, 158, 159, 417, 418, 419, 420, 166, 174, 176, 432, 435, 182, 444, 445, 190, 446, 447, 192, 193, 194, 452, 197, 453, 454, 456, 457, 202, 205, 461, 207, 209, 466, 468, 213, 214, 473, 474, 220, 477, 478, 230, 232, 240, 245, 247, 249]
r5_l: [0, 1, 2, 3, 6, 7, 8, 9, 10, 13, 14, 17, 18, 20, 23, 25, 29, 30, 31, 32, 33, 34, 41, 42, 44, 45, 47, 48, 49, 50, 52, 53, 54, 56, 58, 59, 60, 61, 62, 66, 67, 69, 70, 71, 75, 76, 79, 80, 82, 84, 86, 91, 92, 93, 94, 95, 96, 99, 100, 102, 103, 107, 111, 113, 116, 117, 118, 119, 122, 123, 125, 126, 127, 129, 132, 133, 134, 135, 136, 138, 139, 143, 144, 147, 149, 151, 153, 156, 157, 161, 163, 168, 171, 175, 177, 178, 179, 181, 183, 184, 185, 187, 189, 191, 195, 196, 198, 201, 208, 210, 211, 212, 215, 216, 217, 219, 222, 223, 228, 235, 236, 237, 238, 246, 253, 254, 255, 257, 258, 260, 261, 268, 269, 273, 275, 276, 277, 278, 280, 282, 283, 289, 290, 291, 298, 302, 307, 312, 313, 314, 315, 316, 318, 321, 322, 325, 327, 330, 331, 334, 337, 339, 342, 344, 345, 351, 353, 355, 356, 358, 359, 361, 363, 364, 368, 369, 373, 374, 377, 378, 380, 383, 385, 387, 388, 390, 394, 398, 399, 400, 401, 404, 405, 407, 409, 414, 416, 421, 422, 424, 428, 429, 430, 431, 433, 436, 437, 438, 439, 443, 451, 455, 458, 459, 463, 467, 470, 480, 481, 482, 483, 484]
r5_r: [259, 5, 263, 264, 266, 11, 270, 15, 271, 19, 22, 24, 26, 27, 28, 287, 292, 293, 38, 39, 299, 303, 305, 309, 310, 55, 57, 317, 63, 319, 68, 324, 326, 329, 332, 333, 338, 87, 89, 90, 346, 348, 350, 352, 97, 101, 357, 360, 105, 106, 110, 367, 114, 370, 376, 379, 124, 381, 131, 389, 391, 395, 140, 396, 142, 145, 150, 152, 410, 412, 159, 417, 418, 419, 420, 166, 174, 176, 432, 435, 182, 444, 445, 190, 446, 447, 192, 194, 452, 197, 453, 456, 457, 202, 205, 461, 207, 209, 466, 468, 213, 214, 473, 474, 220, 477, 478, 230, 232, 240, 245, 247, 249]
r6_l: [259, 4, 5, 264, 265, 266, 11, 267, 270, 15, 271, 16, 272, 22, 24, 281, 26, 27, 28, 285, 287, 288, 36, 292, 37, 293, 38, 39, 295, 40, 296, 297, 43, 299, 300, 301, 46, 303, 304, 51, 57, 63, 319, 64, 320, 65, 323, 68, 324, 326, 72, 328, 73, 329, 332, 77, 333, 78, 335, 81, 338, 83, 340, 85, 87, 88, 89, 90, 346, 347, 348, 350, 352, 97, 98, 101, 105, 106, 362, 108, 109, 110, 366, 367, 114, 371, 372, 121, 124, 381, 382, 128, 384, 386, 131, 137, 395, 140, 396, 141, 142, 145, 148, 150, 152, 410, 412, 158, 159, 160, 417, 419, 420, 166, 167, 169, 170, 173, 176, 434, 186, 190, 447, 192, 448, 193, 194, 450, 197, 453, 200, 202, 203, 204, 205, 461, 462, 207, 209, 213, 214, 472, 475, 220, 476, 221, 477, 478, 227, 229, 485, 230, 231, 232, 233, 234, 240, 242, 245, 247, 248, 249, 250, 252]
r6_r: [1, 2, 3, 387, 132, 260, 134, 7, 8, 136, 139, 13, 269, 398, 399, 400, 401, 18, 275, 276, 149, 277, 407, 153, 409, 156, 30, 414, 33, 34, 422, 424, 42, 298, 171, 45, 48, 177, 307, 53, 437, 184, 312, 185, 313, 315, 61, 62, 191, 67, 451, 196, 327, 75, 459, 334, 79, 463, 80, 82, 211, 84, 86, 342, 470, 215, 344, 345, 219, 92, 93, 95, 96, 482, 99, 100, 358, 107, 235, 236, 237, 113, 369, 116, 119, 377, 378, 123, 255]
r7_l: [259, 263, 265, 268, 269, 272, 18, 19, 275, 20, 279, 25, 283, 286, 34, 35, 291, 294, 40, 41, 297, 42, 49, 305, 50, 306, 52, 308, 311, 312, 313, 59, 60, 317, 321, 324, 71, 327, 72, 328, 74, 76, 332, 333, 78, 337, 340, 341, 87, 343, 346, 351, 354, 357, 104, 360, 107, 365, 110, 111, 112, 113, 369, 370, 116, 117, 118, 374, 120, 121, 379, 380, 381, 385, 130, 386, 131, 387, 134, 390, 391, 136, 137, 138, 394, 397, 398, 143, 399, 144, 400, 145, 401, 146, 402, 147, 148, 149, 406, 409, 154, 413, 160, 416, 418, 163, 164, 420, 165, 424, 427, 428, 429, 430, 175, 431, 177, 178, 435, 180, 436, 438, 184, 440, 442, 445, 190, 446, 447, 192, 451, 199, 455, 201, 457, 458, 205, 464, 209, 465, 210, 466, 211, 212, 469, 471, 473, 474, 220, 221, 224, 226, 482, 227, 228, 484, 233, 234, 235, 238, 239, 241, 248, 250, 251, 252, 253, 255]
r7_r: [130, 390, 199, 263, 391, 457, 394, 464, 465, 146, 341, 469, 471, 473, 154, 474, 413, 224, 226, 354, 164, 104, 431, 112, 305, 370, 308, 436, 438, 445]
