r1_l: [129, 67, 68, 6, 70, 9, 138, 11, 15, 148, 22, 23, 152, 89, 218, 157, 96, 225, 36, 164, 228, 102, 170, 112, 178, 187, 60, 125, 190, 63]
r1_r: [128, 4, 198, 202, 139, 12, 77, 206, 209, 87, 215, 26, 154, 156, 93, 95, 159, 223, 34, 226, 163, 101, 229, 44, 109, 46, 180, 118, 184, 126]
r2_l: [130, 131, 5, 6, 9, 10, 138, 11, 14, 15, 147, 148, 22, 151, 152, 27, 157, 30, 162, 35, 165, 168, 41, 171, 172, 47, 182, 60, 63, 192, 67, 68, 70, 199, 74, 76, 79, 207, 81, 88, 89, 218, 91, 222, 96, 228, 102, 232, 112, 115, 125]
r2_r: [64, 128, 66, 3, 4, 197, 71, 8, 73, 202, 203, 12, 77, 78, 143, 16, 144, 209, 21, 87, 25, 153, 154, 93, 159, 224, 161, 34, 98, 226, 99, 227, 229, 105, 44, 109, 176, 113, 51, 179, 116, 180, 53, 117, 56, 184, 124, 126]
r3_l: [198, 204, 13, 206, 208, 81, 210, 20, 85, 213, 87, 215, 24, 26, 90, 154, 222, 31, 95, 32, 161, 227, 229, 109, 114, 117, 181, 54, 182, 183, 184, 185, 123]
r3_r: [64, 129, 4, 6, 70, 8, 138, 11, 203, 15, 143, 16, 144, 17, 148, 22, 152, 216, 25, 153, 218, 157, 96, 224, 225, 98, 226, 35, 99, 36, 228, 38, 102, 168, 105, 171, 112, 176, 178, 51, 116, 53, 56, 124, 125, 126, 190, 63]
r4_l: [129, 130, 4, 6, 8, 9, 138, 11, 15, 143, 16, 144, 17, 145, 148, 22, 23, 151, 152, 25, 153, 154, 157, 161, 162, 35, 36, 164, 38, 168, 41, 170, 171, 176, 178, 51, 179, 53, 182, 56, 187, 60, 190, 63, 64, 66, 67, 68, 197, 70, 198, 71, 199, 73, 203, 79, 210, 214, 216, 89, 218, 96, 224, 225, 98, 226, 99, 228, 229, 102, 105, 109, 112, 116, 117, 124, 125]
r4_r: [128, 192, 1, 65, 3, 195, 196, 135, 202, 12, 76, 77, 78, 142, 209, 146, 21, 149, 87, 217, 26, 156, 93, 94, 159, 223, 160, 34, 227, 100, 101, 103, 44, 46, 175, 113, 180, 54, 118, 184, 121, 122, 126, 191]
r5_l: [69, 134, 136, 137, 83, 211, 212, 219, 92, 220, 29, 221, 97, 166, 231, 40, 169, 42, 106, 43, 108, 110, 174, 111, 177, 50, 55, 59, 62, 127]
r5_r: [1, 3, 4, 5, 6, 9, 10, 11, 12, 14, 15, 16, 22, 23, 25, 27, 30, 34, 35, 36, 38, 41, 44, 47, 51, 53, 60, 63, 65, 67, 68, 70, 71, 74, 76, 77, 78, 79, 81, 87, 88, 89, 91, 93, 96, 98, 99, 102, 109, 112, 113, 115, 116, 118, 124, 125, 128, 129, 130, 131, 133, 138, 144, 147, 148, 151, 152, 153, 154, 157, 159, 162, 164, 165, 168, 170, 171, 172, 176, 178, 180, 182, 187, 190, 192, 198, 199, 202, 203, 207, 210, 214, 216, 218, 222, 224, 225, 226, 229, 232]
r6_l: [0, 193, 2, 194, 132, 135, 201, 140, 205, 142, 84, 149, 86, 150, 156, 94, 158, 33, 100, 37, 104, 173, 175, 48, 52, 119, 57, 121, 122, 188]
r6_r: [128, 192, 4, 197, 8, 73, 138, 202, 11, 76, 77, 15, 143, 17, 209, 148, 21, 25, 26, 159, 98, 99, 227, 105, 109, 51, 179, 117, 190, 63]
r7_l: [7, 139, 13, 141, 18, 146, 19, 20, 24, 28, 31, 159, 32, 163, 39, 167, 44, 45, 46, 49, 181, 183, 185, 61, 189, 191, 195, 196, 72, 200, 75, 204, 206, 208, 82, 85, 213, 215, 217, 90, 95, 227, 101, 230, 103, 107, 114, 118, 123]
r7_r: [129, 4, 6, 71, 11, 203, 207, 16, 144, 22, 152, 153, 218, 157, 96, 224, 225, 98, 226, 35, 36, 164, 38, 102, 168, 171, 112, 51, 115, 53, 187, 124, 190, 63]
