r1_l: [193, 194, 132, 196, 70, 198, 72, 10, 138, 13, 141, 79, 144, 18, 210, 151, 153, 220, 158, 222, 159, 98, 165, 102, 169, 49, 52, 53, 186, 59, 123, 189, 126]
r1_r: [0, 128, 3, 4, 5, 133, 6, 7, 135, 11, 139, 140, 142, 19, 20, 21, 150, 24, 25, 30, 31, 32, 160, 34, 162, 35, 163, 164, 37, 167, 168, 42, 43, 44, 45, 46, 175, 48, 176, 177, 50, 182, 55, 183, 184, 58, 61, 190, 63, 65, 67, 195, 69, 197, 71, 199, 200, 75, 78, 80, 208, 84, 85, 213, 86, 214, 215, 89, 218, 93, 221, 223, 96, 97, 100, 101, 110, 117, 118, 120, 121, 122]
r2_l: [129, 132, 136, 137, 10, 138, 13, 141, 144, 18, 147, 22, 151, 153, 154, 158, 159, 161, 165, 38, 166, 40, 169, 172, 173, 174, 47, 49, 51, 52, 53, 54, 56, 186, 59, 187, 60, 189, 193, 194, 196, 70, 198, 72, 74, 202, 79, 82, 210, 83, 211, 87, 217, 92, 220, 222, 98, 99, 102, 119, 123, 126, 127]
r2_r: [0, 3, 4, 5, 6, 7, 8, 11, 15, 17, 19, 20, 21, 24, 25, 26, 30, 31, 32, 33, 34, 35, 36, 37, 39, 42, 43, 44, 45, 46, 48, 50, 55, 57, 58, 61, 62, 63, 65, 67, 68, 69, 71, 75, 78, 80, 84, 85, 86, 89, 90, 91, 93, 96, 97, 100, 101, 110, 117, 118, 120, 121, 122, 128, 133, 135, 139, 140, 142, 145, 150, 152, 160, 162, 163, 164, 167, 168, 170, 175, 176, 177, 178, 180, 182, 183, 184, 185, 190, 192, 195, 197, 199, 200, 205, 208, 209, 213, 214, 215, 216, 218, 221, 223]
r3_l: [132, 134, 8, 136, 10, 138, 13, 141, 144, 17, 145, 18, 20, 151, 152, 153, 26, 158, 159, 33, 34, 35, 36, 165, 38, 166, 39, 169, 42, 170, 49, 178, 52, 180, 53, 56, 185, 58, 186, 59, 60, 189, 62, 193, 194, 196, 70, 198, 72, 202, 204, 205, 206, 210, 211, 85, 90, 222, 95, 98, 102, 105, 107, 109, 111, 118, 123, 126]
r3_r: [64, 65, 129, 2, 195, 135, 12, 76, 146, 19, 84, 212, 21, 23, 218, 27, 28, 156, 93, 30, 162, 163, 168, 43, 173, 112, 177, 61, 125, 191]
r4_l: [64, 65, 130, 195, 7, 71, 135, 11, 146, 19, 84, 212, 213, 86, 150, 218, 27, 28, 156, 93, 30, 31, 223, 162, 43, 45, 173, 176, 177, 61, 125, 190, 191]
r4_r: [194, 132, 69, 10, 202, 141, 205, 79, 144, 17, 18, 85, 220, 158, 222, 34, 98, 35, 165, 39, 169, 42, 49, 178, 52, 118, 56, 58, 60, 189, 63]
r5_l: [128, 129, 2, 130, 3, 5, 135, 11, 12, 140, 146, 19, 147, 21, 22, 150, 23, 154, 27, 28, 156, 30, 31, 161, 162, 163, 168, 43, 172, 45, 173, 174, 176, 177, 50, 55, 183, 184, 61, 191, 64, 65, 67, 195, 71, 199, 200, 74, 75, 76, 78, 80, 208, 82, 83, 84, 212, 213, 215, 89, 217, 218, 92, 93, 221, 223, 99, 104, 112, 117, 120, 121, 125, 127]
r5_r: [193, 194, 132, 69, 198, 137, 10, 202, 13, 141, 205, 79, 144, 17, 18, 20, 85, 220, 158, 222, 159, 34, 98, 35, 165, 39, 40, 169, 42, 47, 49, 178, 51, 52, 118, 56, 185, 58, 59, 60, 189]
r6_l: [131, 132, 134, 8, 136, 9, 10, 138, 14, 143, 16, 144, 17, 145, 18, 148, 149, 151, 152, 153, 26, 28, 29, 157, 158, 34, 165, 38, 166, 41, 169, 42, 170, 171, 178, 179, 52, 180, 181, 56, 185, 58, 186, 60, 188, 189, 62, 191, 192, 66, 196, 70, 72, 73, 202, 203, 76, 204, 77, 205, 206, 81, 209, 210, 211, 85, 88, 90, 91, 94, 222, 95, 98, 102, 103, 105, 106, 107, 108, 111, 113, 114, 115, 118, 123]
r6_r: [65, 3, 67, 195, 5, 135, 200, 11, 75, 12, 80, 208, 19, 84, 213, 150, 218, 156, 93, 221, 31, 162, 163, 104, 168, 43, 173, 176, 177, 50, 117, 183, 125, 190]
