r1_l: [192, 129, 196, 197, 70, 202, 12, 140, 143, 80, 209, 18, 150, 214, 152, 216, 219, 156, 221, 102, 40, 50, 54, 182, 55, 183, 121, 60, 124, 191]
r1_r: [0, 2, 3, 4, 6, 7, 10, 13, 14, 15, 17, 19, 20, 21, 23, 24, 25, 29, 30, 31, 32, 33, 35, 36, 37, 38, 43, 44, 45, 46, 47, 51, 52, 57, 59, 62, 63, 65, 66, 67, 69, 71, 76, 77, 78, 79, 82, 85, 87, 90, 91, 92, 95, 96, 100, 101, 106, 108, 110, 112, 113, 115, 116, 117, 119, 120, 125, 128, 130, 133, 135, 138, 139, 141, 142, 144, 149, 155, 157, 160, 161, 162, 166, 167, 169, 172, 174, 175, 176, 178, 181, 186, 189, 190, 193, 195, 198, 199, 200, 203, 204, 206, 208, 211, 212, 213, 218, 220, 222]
r2_l: [129, 132, 134, 136, 9, 137, 11, 12, 140, 143, 18, 146, 150, 152, 153, 156, 163, 165, 39, 40, 170, 48, 50, 53, 54, 182, 55, 183, 56, 185, 58, 60, 61, 191, 192, 194, 196, 197, 70, 73, 201, 202, 80, 209, 210, 84, 214, 88, 216, 217, 219, 93, 221, 97, 98, 102, 109, 121, 124, 126]
r2_r: [0, 1, 2, 3, 4, 6, 7, 8, 10, 13, 14, 15, 17, 19, 20, 21, 23, 24, 25, 26, 27, 28, 29, 30, 31, 32, 33, 35, 36, 37, 38, 41, 42, 43, 44, 45, 46, 47, 51, 52, 57, 59, 62, 63, 65, 66, 67, 69, 71, 74, 76, 77, 78, 79, 82, 85, 87, 89, 90, 91, 92, 94, 95, 96, 100, 101, 103, 106, 107, 108, 110, 111, 112, 113, 114, 115, 116, 117, 119, 120, 122, 125, 128, 130, 131, 133, 135, 138, 139, 141, 142, 144, 145, 147, 148, 149, 154, 155, 157, 159, 160, 161, 162, 164, 166, 167, 168, 169, 172, 174, 175, 176, 177, 178, 181, 184, 186, 188, 189, 190, 193, 195, 198, 199, 200, 203, 204, 206, 208, 211, 212, 213, 218, 220, 222]
r3_l: [129, 131, 132, 134, 7, 136, 9, 137, 12, 140, 143, 144, 17, 18, 20, 150, 151, 152, 156, 159, 32, 33, 34, 35, 163, 165, 38, 39, 40, 168, 43, 175, 48, 177, 50, 53, 181, 54, 182, 183, 185, 58, 187, 60, 61, 190, 63, 191, 192, 194, 196, 69, 197, 70, 73, 201, 202, 203, 204, 205, 80, 208, 209, 210, 86, 214, 216, 91, 219, 221, 97, 102, 105, 107, 118, 121]
r3_r: [0, 1, 2, 3, 4, 5, 6, 8, 10, 11, 13, 16, 19, 21, 22, 23, 24, 25, 26, 27, 28, 29, 30, 31, 36, 37, 41, 42, 44, 45, 46, 47, 49, 51, 52, 55, 56, 57, 62, 64, 65, 66, 67, 71, 72, 74, 75, 76, 77, 78, 79, 81, 82, 83, 84, 85, 87, 88, 89, 90, 93, 94, 95, 96, 98, 99, 100, 101, 103, 104, 106, 108, 109, 110, 111, 112, 113, 114, 115, 116, 117, 119, 120, 122, 123, 124, 125, 126, 127, 128, 130, 133, 135, 138, 139, 141, 142, 145, 146, 147, 148, 149, 153, 154, 155, 157, 158, 160, 161, 162, 164, 166, 167, 169, 170, 171, 173, 174, 176, 178, 179, 180, 184, 186, 188, 189, 193, 195, 198, 199, 206, 207, 211, 212, 213, 217, 218, 220, 222]
r4_l: [193, 6, 10, 138, 11, 207, 81, 211, 21, 85, 149, 87, 88, 25, 218, 29, 157, 222, 160, 161, 104, 171, 44, 173, 46, 110, 180, 186, 123, 189, 62, 127]
r4_r: [131, 134, 7, 9, 137, 143, 144, 17, 18, 150, 152, 159, 163, 165, 40, 168, 175, 177, 181, 54, 183, 185, 58, 187, 61, 190, 194, 197, 70, 200, 73, 201, 202, 203, 204, 205, 208, 209, 210, 86, 216, 91, 92, 221, 97, 102, 105, 107, 118, 121]
r5_l: [0, 128, 2, 130, 4, 7, 135, 10, 13, 141, 14, 17, 23, 24, 25, 29, 30, 31, 36, 37, 42, 43, 172, 45, 47, 176, 52, 181, 184, 57, 62, 190, 65, 193, 67, 198, 71, 199, 200, 76, 204, 78, 208, 211, 213, 90, 91, 92, 222, 96, 100, 101, 103, 108, 111, 113, 115, 116, 117, 119, 120, 122]
r5_r: [129, 132, 196, 197, 202, 12, 140, 143, 80, 18, 146, 83, 84, 214, 88, 153, 221, 158, 97, 98, 163, 170, 109, 48, 50, 54, 182, 55, 185, 61]
r6_l: [0, 1, 2, 3, 4, 6, 7, 8, 10, 13, 14, 15, 17, 23, 24, 25, 26, 27, 29, 30, 31, 36, 37, 41, 42, 43, 45, 46, 47, 51, 52, 57, 62, 65, 67, 71, 74, 76, 77, 78, 82, 87, 90, 91, 92, 94, 96, 100, 101, 103, 106, 108, 110, 111, 113, 114, 115, 116, 117, 119, 120, 122, 125, 128, 130, 131, 133, 135, 138, 141, 142, 145, 147, 148, 154, 155, 157, 160, 164, 166, 167, 168, 169, 172, 175, 176, 178, 181, 184, 186, 188, 190, 193, 195, 198, 199, 200, 203, 204, 206, 208, 211, 213, 218, 222]
r6_r: [129, 194, 132, 196, 197, 134, 202, 75, 12, 140, 143, 80, 209, 18, 146, 210, 83, 84, 214, 88, 152, 216, 153, 217, 221, 158, 97, 98, 163, 165, 39, 170, 109, 173, 48, 50, 54, 182, 55, 183, 56, 121, 185, 61]
