r1_l: [706, 840, 394, 842, 779, 655, 721, 533, 342, 89, 603, 861, 607, 34, 546, 803, 613, 551, 744, 107, 623, 688, 561, 50, 435, 501, 55, 247, 191, 767]
r1_r: [0, 1, 257, 513, 769, 3, 515, 5, 520, 521, 777, 11, 268, 524, 14, 526, 16, 528, 785, 786, 788, 534, 279, 280, 282, 28, 29, 797, 30, 31, 800, 545, 34, 547, 548, 549, 38, 294, 297, 299, 44, 813, 558, 816, 817, 50, 819, 52, 310, 311, 313, 569, 570, 571, 60, 572, 64, 65, 322, 834, 68, 324, 69, 838, 327, 839, 584, 840, 586, 75, 331, 77, 334, 590, 335, 848, 84, 854, 89, 346, 603, 859, 862, 96, 865, 98, 356, 359, 873, 107, 620, 876, 881, 114, 626, 371, 627, 884, 373, 121, 122, 123, 379, 126, 638, 127, 895, 132, 388, 392, 137, 650, 652, 141, 655, 656, 660, 151, 663, 665, 669, 162, 674, 164, 420, 677, 168, 424, 173, 174, 688, 433, 435, 437, 693, 182, 438, 185, 186, 698, 699, 700, 445, 446, 450, 451, 707, 452, 708, 197, 709, 710, 455, 711, 457, 714, 715, 206, 462, 208, 465, 721, 213, 214, 728, 217, 473, 219, 731, 220, 477, 479, 735, 224, 225, 485, 486, 490, 235, 236, 493, 498, 243, 756, 245, 247, 503, 760, 761, 250, 762, 765]
r2_l: [129, 772, 521, 10, 394, 779, 655, 786, 533, 534, 32, 161, 34, 546, 803, 548, 678, 551, 46, 688, 561, 50, 178, 435, 310, 55, 440, 313, 191, 65, 193, 706, 835, 455, 584, 840, 842, 334, 721, 342, 856, 89, 347, 603, 861, 222, 607, 613, 744, 489, 107, 623, 501, 247, 631, 632, 121, 638, 383, 767]
r2_r: [0, 1, 513, 3, 515, 5, 520, 521, 11, 524, 14, 526, 16, 528, 534, 28, 29, 30, 31, 32, 545, 34, 546, 35, 547, 548, 549, 38, 44, 558, 50, 52, 55, 569, 570, 571, 60, 572, 64, 65, 68, 69, 582, 584, 586, 75, 587, 77, 590, 80, 84, 89, 603, 93, 607, 96, 98, 107, 620, 623, 114, 626, 627, 116, 121, 122, 123, 126, 638, 127, 642, 132, 137, 650, 652, 141, 655, 656, 660, 151, 663, 665, 157, 669, 161, 162, 674, 164, 677, 168, 173, 174, 688, 689, 693, 182, 185, 186, 698, 699, 700, 707, 708, 197, 709, 710, 199, 711, 714, 715, 206, 208, 721, 213, 214, 728, 217, 729, 219, 731, 220, 735, 224, 225, 235, 236, 240, 752, 243, 755, 756, 245, 247, 760, 761, 250, 762, 765, 767, 257, 769, 777, 268, 272, 785, 786, 788, 279, 280, 282, 797, 287, 800, 294, 297, 299, 813, 816, 817, 818, 819, 310, 311, 313, 829, 322, 834, 835, 324, 838, 327, 839, 840, 331, 334, 335, 847, 848, 854, 346, 859, 862, 351, 865, 356, 359, 872, 361, 873, 876, 881, 371, 884, 373, 379, 895, 388, 392, 418, 420, 423, 424, 433, 435, 437, 438, 440, 445, 446, 447, 450, 451, 452, 455, 457, 461, 462, 465, 473, 477, 479, 485, 486, 489, 490, 492, 493, 498, 503]
r3_l: [1, 129, 772, 392, 265, 521, 10, 394, 267, 779, 652, 655, 145, 786, 403, 660, 533, 534, 28, 287, 34, 803, 548, 551, 298, 554, 44, 46, 174, 688, 433, 561, 50, 690, 435, 310, 55, 440, 313, 829, 832, 65, 193, 321, 835, 455, 584, 840, 714, 842, 203, 334, 848, 721, 342, 856, 474, 347, 603, 861, 222, 607, 868, 485, 613, 105, 489, 107, 491, 623, 496, 501, 247, 631, 632, 121, 250, 382, 638, 767]
r3_r: [640, 770, 387, 262, 518, 391, 648, 398, 661, 789, 150, 407, 24, 152, 284, 412, 541, 414, 288, 416, 552, 42, 426, 172, 300, 563, 308, 564, 823, 59, 444, 703, 585, 205, 78, 718, 82, 83, 471, 599, 727, 345, 221, 609, 226, 866, 101, 742, 870, 232, 363, 622, 368, 497, 625, 628, 887, 124, 125, 639]
r4_l: [580, 837, 649, 778, 716, 333, 717, 782, 143, 530, 658, 211, 790, 87, 791, 154, 794, 858, 91, 156, 606, 353, 737, 99, 421, 296, 170, 362, 428, 45, 557, 686, 111, 560, 305, 244, 692, 309, 697, 378, 892, 702]
r4_r: [0, 769, 515, 132, 524, 652, 16, 528, 656, 785, 279, 797, 547, 164, 549, 677, 294, 813, 558, 819, 693, 182, 569, 570, 446, 322, 834, 68, 69, 197, 838, 711, 586, 715, 77, 590, 335, 854, 728, 220, 477, 862, 479, 735, 224, 485, 873, 490, 876, 493, 881, 498, 373, 122, 123, 379, 895]
r5_l: [66, 898, 579, 644, 325, 389, 198, 326, 7, 329, 713, 778, 204, 269, 81, 594, 596, 85, 598, 791, 794, 858, 155, 156, 799, 736, 353, 354, 292, 743, 616, 680, 745, 560, 562, 758, 567, 312, 251, 828, 701, 63]
r5_r: [0, 769, 515, 132, 524, 652, 16, 528, 656, 785, 279, 797, 164, 549, 677, 294, 813, 558, 819, 693, 182, 569, 570, 446, 322, 834, 68, 69, 197, 838, 711, 586, 715, 590, 335, 854, 728, 220, 477, 862, 479, 735, 224, 485, 873, 876, 881, 498, 373, 122, 123, 379, 895]
r6_l: [768, 516, 644, 778, 139, 654, 529, 146, 659, 404, 406, 155, 285, 158, 286, 801, 291, 39, 167, 555, 556, 560, 562, 312, 58, 828, 702, 63, 66, 323, 579, 580, 328, 713, 716, 594, 344, 218, 858, 605, 606, 353, 614, 360, 233, 874, 875, 877, 110, 239, 369, 244, 634, 255]
r6_r: [0, 769, 515, 132, 524, 652, 16, 528, 656, 785, 279, 797, 164, 549, 677, 294, 813, 558, 819, 693, 182, 569, 570, 446, 322, 834, 68, 69, 197, 838, 711, 586, 715, 590, 335, 854, 728, 220, 477, 862, 479, 735, 224, 485, 873, 876, 881, 498, 373, 122, 123, 379, 895]
r7_l: [128, 517, 646, 649, 138, 139, 396, 654, 399, 527, 657, 146, 19, 531, 659, 787, 148, 404, 22, 790, 23, 153, 666, 667, 285, 158, 286, 801, 291, 676, 804, 39, 167, 295, 41, 427, 555, 811, 556, 815, 179, 180, 309, 565, 824, 57, 441, 826, 443, 316, 317, 702, 831, 320, 577, 323, 580, 200, 74, 458, 588, 716, 845, 593, 210, 466, 722, 723, 469, 597, 470, 726, 216, 344, 218, 733, 350, 606, 355, 741, 360, 233, 234, 619, 875, 241, 369, 753, 882, 244, 630, 120, 504, 888, 892, 255]
r7_r: [0, 769, 515, 132, 647, 524, 652, 15, 271, 16, 528, 656, 785, 403, 660, 279, 28, 796, 797, 164, 165, 549, 677, 294, 425, 810, 171, 813, 558, 819, 693, 182, 569, 570, 827, 446, 322, 834, 68, 69, 197, 838, 711, 586, 203, 715, 844, 590, 335, 209, 337, 854, 728, 347, 220, 477, 862, 479, 735, 224, 485, 873, 876, 880, 881, 498, 883, 373, 629, 121, 122, 123, 379, 895]
r8_l: [259, 516, 774, 7, 519, 778, 523, 269, 782, 529, 530, 19, 276, 22, 790, 791, 25, 281, 794, 285, 799, 801, 291, 292, 296, 553, 43, 45, 301, 557, 560, 305, 562, 309, 567, 312, 57, 58, 828, 317, 62, 63, 577, 66, 67, 579, 580, 325, 581, 837, 326, 71, 328, 329, 841, 333, 845, 846, 81, 593, 594, 595, 596, 852, 85, 853, 598, 87, 600, 858, 91, 349, 605, 94, 606, 353, 354, 99, 616, 362, 874, 619, 875, 877, 111, 885, 886, 120, 377, 378, 634, 892, 637, 894, 896, 897, 898, 644, 389, 646, 649, 138, 139, 143, 399, 657, 402, 658, 405, 406, 154, 155, 667, 156, 668, 158, 421, 167, 680, 170, 682, 683, 428, 686, 432, 180, 692, 697, 701, 190, 702, 448, 198, 713, 458, 204, 716, 717, 466, 211, 212, 724, 725, 733, 736, 737, 227, 483, 739, 229, 743, 233, 745, 234, 747, 494, 751, 241, 753, 244, 758, 251]
r8_r: [0, 1, 257, 513, 769, 515, 132, 524, 652, 14, 16, 528, 656, 785, 660, 534, 279, 28, 797, 164, 549, 677, 294, 297, 813, 558, 817, 819, 693, 182, 313, 569, 570, 446, 322, 834, 68, 324, 69, 197, 838, 711, 586, 715, 590, 335, 214, 854, 728, 219, 220, 477, 862, 479, 735, 224, 865, 356, 485, 873, 876, 881, 498, 626, 243, 371, 245, 373, 121, 761, 122, 250, 123, 379, 765, 895]
r9_l: [516, 517, 7, 519, 523, 527, 529, 530, 19, 531, 22, 23, 25, 27, 33, 39, 41, 553, 43, 555, 556, 45, 557, 560, 562, 565, 567, 56, 57, 58, 62, 574, 63, 577, 66, 67, 579, 580, 581, 71, 74, 76, 588, 81, 593, 594, 595, 596, 85, 597, 598, 87, 600, 91, 605, 94, 606, 610, 99, 102, 614, 616, 619, 110, 111, 630, 119, 120, 634, 637, 128, 644, 646, 649, 138, 139, 654, 143, 657, 146, 658, 659, 148, 153, 154, 666, 155, 667, 156, 668, 158, 163, 676, 167, 680, 170, 682, 683, 686, 179, 180, 692, 181, 697, 701, 190, 702, 194, 198, 200, 712, 201, 713, 204, 716, 717, 210, 722, 211, 723, 212, 724, 725, 726, 216, 218, 733, 736, 737, 227, 739, 229, 741, 231, 743, 233, 745, 234, 747, 750, 751, 241, 753, 244, 758, 251, 763, 255, 768, 259, 774, 778, 269, 782, 787, 276, 790, 791, 281, 794, 285, 286, 798, 799, 801, 290, 291, 292, 804, 295, 296, 811, 301, 815, 304, 305, 309, 312, 824, 826, 315, 316, 828, 317, 831, 320, 323, 836, 325, 837, 326, 328, 329, 841, 330, 332, 333, 845, 846, 851, 852, 853, 343, 344, 858, 349, 350, 353, 354, 355, 357, 360, 362, 874, 875, 877, 369, 882, 885, 886, 888, 377, 378, 892, 894, 896, 897, 898, 389, 390, 396, 399, 402, 404, 405, 406, 413, 415, 417, 421, 427, 428, 429, 432, 441, 443, 448, 449, 458, 466, 469, 470, 483, 494, 499, 504]
r9_r: [0, 1, 257, 513, 769, 515, 524, 14, 15, 271, 16, 528, 785, 786, 534, 279, 28, 796, 797, 549, 294, 297, 810, 44, 813, 558, 817, 819, 313, 569, 570, 827, 322, 834, 68, 324, 69, 838, 586, 75, 844, 590, 335, 337, 854, 347, 862, 865, 98, 356, 873, 108, 876, 880, 881, 626, 371, 883, 373, 629, 121, 122, 123, 379, 895, 132, 647, 652, 656, 403, 660, 164, 165, 677, 168, 425, 171, 691, 693, 182, 446, 197, 711, 203, 715, 209, 214, 728, 219, 220, 477, 479, 735, 224, 485, 498, 243, 245, 761, 250, 765]
r10_l: [516, 517, 7, 519, 523, 527, 529, 530, 19, 531, 22, 23, 25, 27, 542, 33, 39, 41, 553, 43, 555, 556, 45, 557, 47, 560, 562, 565, 567, 56, 57, 58, 59, 62, 574, 63, 577, 66, 67, 579, 580, 581, 71, 74, 76, 588, 589, 81, 593, 594, 595, 596, 85, 597, 598, 87, 600, 91, 605, 94, 606, 95, 610, 99, 102, 614, 103, 616, 619, 109, 110, 111, 117, 630, 119, 120, 634, 125, 637, 128, 644, 134, 646, 648, 649, 138, 139, 654, 143, 657, 146, 658, 659, 148, 661, 153, 154, 666, 155, 667, 156, 668, 158, 672, 163, 676, 167, 680, 170, 682, 683, 685, 686, 179, 180, 692, 181, 696, 697, 701, 190, 702, 194, 195, 198, 200, 712, 201, 713, 204, 716, 205, 717, 210, 722, 211, 723, 212, 724, 725, 726, 216, 218, 733, 736, 737, 227, 739, 229, 741, 231, 743, 233, 745, 234, 747, 750, 751, 241, 753, 244, 246, 758, 251, 763, 255, 768, 259, 774, 778, 269, 782, 787, 276, 790, 791, 281, 794, 284, 285, 286, 798, 799, 801, 290, 291, 292, 804, 293, 295, 296, 809, 811, 301, 815, 304, 305, 309, 312, 824, 826, 315, 316, 828, 317, 831, 320, 323, 836, 325, 837, 326, 328, 329, 841, 330, 843, 332, 333, 845, 846, 851, 852, 341, 853, 343, 344, 858, 349, 350, 353, 354, 355, 867, 357, 360, 362, 874, 875, 877, 369, 882, 885, 886, 888, 377, 378, 380, 892, 894, 896, 897, 898, 899, 389, 390, 396, 399, 402, 404, 405, 406, 413, 415, 417, 421, 422, 427, 428, 429, 432, 441, 443, 448, 449, 456, 458, 466, 468, 469, 470, 476, 483, 494, 499, 504]
r10_r: [0, 1, 257, 513, 769, 515, 5, 11, 268, 524, 14, 15, 271, 16, 528, 785, 786, 534, 279, 536, 28, 796, 797, 30, 31, 287, 34, 546, 35, 547, 549, 38, 294, 297, 810, 44, 813, 558, 817, 50, 819, 55, 311, 568, 313, 569, 570, 827, 60, 829, 64, 65, 322, 834, 68, 324, 69, 582, 838, 586, 75, 844, 77, 334, 590, 335, 847, 337, 854, 346, 347, 93, 862, 351, 96, 865, 98, 356, 613, 872, 873, 107, 108, 876, 623, 880, 881, 626, 371, 883, 373, 629, 121, 122, 123, 379, 895, 132, 388, 647, 392, 652, 656, 403, 660, 663, 157, 669, 164, 165, 677, 168, 169, 425, 681, 171, 688, 435, 691, 693, 182, 440, 185, 446, 191, 447, 704, 197, 711, 203, 459, 715, 461, 209, 213, 214, 728, 217, 730, 219, 220, 477, 479, 735, 224, 485, 488, 489, 490, 235, 492, 493, 498, 243, 755, 756, 245, 503, 761, 250, 762, 765]
r11_l: [259, 516, 262, 7, 519, 778, 523, 269, 782, 529, 530, 19, 275, 276, 789, 790, 791, 24, 792, 25, 281, 794, 283, 284, 285, 542, 799, 291, 292, 807, 296, 553, 43, 300, 45, 301, 557, 560, 305, 562, 563, 309, 567, 56, 312, 57, 59, 828, 317, 63, 577, 66, 67, 579, 580, 325, 581, 837, 326, 71, 328, 329, 841, 333, 846, 81, 593, 82, 594, 595, 596, 85, 341, 853, 598, 87, 600, 345, 858, 91, 349, 605, 94, 606, 353, 354, 99, 611, 867, 616, 362, 874, 619, 877, 111, 886, 887, 376, 377, 378, 634, 892, 125, 894, 639, 896, 897, 898, 643, 899, 644, 389, 134, 646, 649, 138, 139, 398, 143, 400, 401, 657, 402, 658, 405, 406, 154, 155, 667, 156, 412, 413, 158, 419, 421, 166, 422, 167, 680, 170, 682, 683, 428, 686, 432, 692, 439, 697, 189, 701, 190, 702, 448, 196, 198, 456, 201, 713, 204, 716, 205, 717, 464, 466, 211, 212, 725, 727, 221, 733, 736, 737, 227, 483, 739, 740, 229, 743, 233, 745, 234, 747, 494, 751, 753, 754, 244, 246, 758, 251]
r11_r: [0, 257, 513, 769, 3, 515, 5, 520, 777, 11, 268, 524, 14, 526, 16, 528, 785, 788, 279, 280, 282, 29, 797, 30, 31, 800, 547, 549, 38, 294, 297, 299, 813, 558, 816, 817, 819, 52, 311, 569, 570, 571, 60, 572, 64, 322, 834, 68, 324, 69, 838, 327, 839, 586, 75, 77, 590, 335, 84, 854, 346, 859, 862, 96, 865, 98, 356, 359, 873, 620, 876, 881, 114, 626, 371, 627, 116, 884, 373, 122, 123, 379, 126, 127, 895, 132, 388, 137, 650, 141, 656, 151, 663, 665, 669, 162, 674, 164, 420, 677, 168, 424, 173, 437, 693, 182, 438, 185, 186, 698, 699, 700, 445, 446, 450, 451, 707, 452, 197, 709, 710, 711, 457, 715, 206, 462, 208, 214, 728, 217, 473, 219, 731, 220, 477, 479, 735, 224, 225, 486, 490, 235, 236, 492, 493, 498, 243, 756, 245, 503, 760, 761, 762, 765]
r12_l: [516, 517, 7, 519, 523, 13, 527, 529, 530, 19, 531, 21, 22, 23, 25, 27, 544, 33, 39, 40, 41, 553, 43, 555, 556, 45, 557, 47, 560, 562, 565, 567, 56, 57, 58, 62, 574, 63, 575, 577, 66, 67, 579, 580, 581, 71, 74, 76, 588, 589, 81, 593, 594, 595, 596, 85, 597, 598, 87, 600, 91, 605, 94, 606, 95, 610, 99, 102, 614, 103, 616, 619, 109, 621, 110, 111, 112, 115, 630, 119, 120, 633, 634, 635, 636, 637, 128, 644, 134, 646, 649, 138, 139, 654, 143, 657, 146, 658, 659, 148, 664, 153, 154, 666, 155, 667, 156, 668, 158, 160, 163, 676, 167, 680, 170, 682, 683, 685, 686, 179, 180, 692, 181, 696, 697, 187, 701, 190, 702, 194, 195, 198, 200, 712, 201, 713, 202, 204, 716, 717, 210, 722, 211, 723, 212, 724, 725, 726, 216, 218, 733, 736, 737, 227, 739, 229, 741, 230, 231, 743, 233, 745, 234, 746, 747, 748, 750, 239, 751, 241, 753, 244, 758, 251, 763, 255, 768, 259, 774, 266, 778, 269, 781, 270, 782, 787, 276, 278, 790, 791, 281, 794, 285, 286, 798, 799, 801, 290, 291, 292, 804, 293, 295, 296, 809, 811, 301, 815, 304, 305, 309, 821, 312, 824, 825, 826, 315, 316, 828, 317, 831, 320, 323, 836, 325, 837, 326, 328, 329, 841, 330, 843, 332, 333, 845, 846, 851, 852, 853, 343, 344, 858, 349, 350, 863, 864, 353, 354, 355, 357, 360, 362, 874, 875, 877, 878, 369, 882, 885, 886, 375, 888, 377, 378, 380, 892, 894, 896, 385, 897, 898, 899, 389, 390, 395, 396, 399, 402, 404, 405, 406, 413, 415, 417, 421, 427, 428, 429, 432, 441, 443, 448, 449, 458, 463, 466, 468, 469, 470, 472, 483, 494, 499, 504, 507, 508]
r12_r: [129, 706, 772, 840, 394, 842, 779, 334, 655, 721, 533, 342, 89, 603, 861, 222, 607, 34, 546, 803, 613, 551, 744, 107, 623, 561, 50, 435, 501, 55, 247, 638, 191, 767]
r13_l: [1, 772, 265, 521, 10, 267, 779, 12, 271, 786, 533, 534, 536, 795, 28, 287, 32, 34, 546, 803, 548, 551, 298, 554, 44, 46, 48, 816, 561, 50, 53, 310, 55, 313, 829, 319, 832, 65, 321, 835, 582, 72, 584, 840, 842, 334, 856, 857, 347, 603, 861, 607, 868, 613, 870, 615, 105, 107, 623, 116, 884, 631, 632, 121, 122, 382, 638, 383, 129, 131, 392, 394, 652, 655, 145, 403, 660, 662, 407, 678, 173, 174, 688, 433, 690, 435, 440, 191, 193, 706, 455, 714, 203, 209, 721, 213, 473, 474, 730, 222, 478, 479, 224, 484, 485, 744, 489, 491, 496, 243, 755, 501, 247, 250, 767]
r13_r: [640, 770, 131, 387, 262, 518, 391, 775, 648, 398, 273, 661, 789, 150, 24, 152, 284, 412, 541, 414, 288, 416, 672, 422, 552, 42, 426, 172, 300, 563, 308, 564, 822, 823, 59, 444, 703, 321, 578, 456, 585, 205, 78, 718, 82, 83, 341, 471, 599, 727, 345, 221, 609, 226, 866, 101, 742, 870, 615, 232, 363, 622, 368, 497, 625, 628, 757, 887, 124, 125, 639]
r14_l: [0, 513, 3, 515, 520, 522, 11, 524, 525, 14, 15, 16, 528, 537, 538, 29, 541, 30, 31, 543, 37, 549, 38, 550, 552, 42, 558, 559, 52, 564, 54, 569, 570, 571, 60, 572, 61, 573, 64, 576, 68, 69, 70, 586, 75, 78, 590, 591, 83, 84, 599, 90, 602, 96, 609, 98, 620, 622, 624, 113, 114, 626, 628, 629, 118, 123, 124, 126, 127, 641, 132, 133, 135, 647, 137, 141, 653, 144, 656, 150, 151, 663, 152, 665, 669, 159, 162, 674, 164, 165, 677, 679, 168, 169, 171, 684, 176, 691, 693, 182, 185, 186, 698, 699, 700, 703, 192, 705, 707, 197, 709, 710, 711, 715, 206, 718, 208, 720, 214, 728, 217, 219, 731, 220, 734, 735, 742, 235, 236, 749, 238, 242, 756, 245, 759, 249, 761, 762, 253, 765, 256, 769, 776, 777, 268, 784, 785, 274, 788, 277, 279, 282, 796, 797, 800, 289, 802, 294, 297, 810, 299, 813, 817, 306, 819, 820, 311, 314, 827, 833, 322, 834, 324, 838, 327, 839, 844, 335, 337, 340, 854, 346, 859, 348, 862, 865, 866, 356, 358, 359, 873, 876, 365, 879, 368, 880, 881, 370, 371, 883, 373, 889, 379, 891, 381, 893, 895, 387, 388, 410, 414, 420, 424, 430, 437, 438, 446, 450, 451, 452, 457, 460, 462, 467, 477, 481, 486, 487, 492, 498, 509]
r14_r: [706, 840, 394, 842, 331, 779, 655, 721, 533, 342, 89, 603, 861, 607, 34, 546, 803, 613, 551, 744, 107, 623, 561, 50, 435, 501, 55, 247, 191, 767]
r15_l: [0, 513, 3, 515, 5, 520, 11, 524, 14, 15, 16, 528, 29, 30, 31, 545, 35, 547, 549, 38, 44, 558, 52, 569, 570, 571, 60, 572, 64, 68, 69, 582, 586, 75, 587, 77, 590, 80, 84, 93, 96, 98, 108, 620, 624, 114, 626, 627, 116, 629, 122, 123, 126, 127, 642, 132, 647, 137, 650, 651, 652, 141, 656, 151, 663, 665, 157, 669, 162, 674, 164, 165, 677, 168, 169, 681, 171, 173, 689, 691, 693, 182, 185, 186, 698, 699, 700, 707, 708, 197, 709, 710, 199, 711, 715, 206, 208, 209, 214, 728, 217, 729, 730, 219, 731, 220, 735, 224, 225, 235, 236, 240, 752, 243, 755, 756, 245, 760, 761, 762, 765, 257, 769, 777, 268, 271, 272, 785, 788, 279, 280, 282, 796, 797, 287, 800, 294, 297, 810, 299, 813, 816, 817, 818, 819, 311, 314, 827, 829, 833, 322, 834, 324, 838, 327, 839, 844, 335, 847, 336, 337, 854, 346, 859, 862, 351, 865, 356, 359, 872, 361, 873, 876, 880, 881, 371, 883, 884, 373, 379, 895, 388, 403, 418, 420, 423, 424, 425, 430, 437, 438, 445, 446, 447, 450, 451, 452, 457, 459, 461, 462, 473, 477, 479, 485, 486, 487, 488, 490, 492, 496, 498]
r15_r: [706, 772, 840, 394, 842, 779, 655, 721, 533, 342, 89, 603, 861, 607, 34, 546, 803, 613, 551, 744, 107, 623, 561, 50, 435, 501, 55, 247, 191, 767]
r16_l: [516, 517, 7, 519, 523, 13, 527, 529, 530, 19, 531, 21, 22, 23, 535, 24, 25, 26, 27, 542, 544, 33, 39, 40, 41, 553, 43, 555, 556, 45, 557, 47, 560, 562, 51, 563, 565, 567, 56, 57, 58, 59, 62, 574, 63, 575, 577, 66, 67, 579, 580, 581, 71, 74, 76, 588, 589, 81, 593, 82, 594, 595, 596, 85, 597, 598, 87, 88, 600, 601, 91, 92, 605, 94, 606, 95, 610, 99, 611, 100, 101, 102, 614, 103, 616, 106, 619, 109, 621, 110, 111, 112, 115, 117, 630, 119, 120, 633, 634, 635, 636, 125, 637, 639, 128, 643, 644, 645, 134, 646, 136, 648, 649, 138, 139, 654, 143, 657, 146, 658, 659, 148, 661, 664, 153, 154, 666, 155, 667, 156, 668, 158, 160, 672, 163, 676, 166, 167, 680, 170, 682, 683, 685, 686, 179, 180, 692, 181, 696, 697, 187, 189, 701, 190, 702, 194, 195, 196, 198, 200, 712, 201, 713, 202, 204, 716, 205, 717, 210, 722, 211, 723, 212, 724, 725, 726, 727, 216, 218, 221, 733, 736, 737, 227, 739, 740, 229, 741, 230, 231, 743, 233, 745, 234, 746, 747, 748, 237, 750, 239, 751, 241, 753, 754, 244, 246, 758, 251, 763, 255, 768, 258, 259, 262, 774, 775, 266, 778, 269, 781, 270, 782, 275, 787, 276, 789, 278, 790, 791, 792, 281, 794, 283, 284, 285, 286, 798, 799, 801, 290, 291, 292, 804, 293, 805, 295, 807, 296, 811, 300, 301, 815, 304, 305, 308, 309, 821, 823, 312, 824, 825, 826, 315, 316, 828, 317, 830, 831, 320, 323, 836, 325, 837, 326, 328, 329, 841, 330, 843, 332, 333, 845, 846, 338, 339, 851, 852, 341, 853, 343, 344, 345, 858, 349, 350, 863, 864, 353, 354, 355, 867, 357, 360, 362, 874, 875, 364, 877, 878, 369, 882, 885, 886, 375, 887, 376, 888, 377, 378, 380, 892, 894, 896, 385, 897, 898, 899, 389, 390, 393, 395, 396, 398, 399, 400, 401, 402, 404, 405, 406, 411, 412, 413, 415, 417, 419, 421, 422, 426, 427, 428, 429, 432, 434, 439, 441, 443, 444, 448, 449, 453, 456, 458, 463, 464, 466, 468, 469, 470, 472, 475, 476, 483, 494, 497, 499, 502, 504, 507, 508]
r16_r: [129, 706, 772, 840, 394, 842, 331, 779, 334, 655, 721, 533, 342, 89, 603, 861, 222, 607, 161, 34, 546, 803, 613, 551, 744, 107, 623, 561, 50, 435, 501, 55, 247, 638, 191, 767]
r17_l: [0, 513, 3, 515, 5, 520, 522, 11, 524, 525, 14, 526, 15, 16, 528, 17, 537, 538, 539, 29, 541, 30, 31, 543, 35, 547, 36, 37, 549, 38, 550, 552, 42, 558, 559, 52, 564, 54, 566, 568, 569, 570, 571, 60, 572, 61, 573, 64, 576, 68, 69, 70, 586, 75, 587, 77, 78, 590, 79, 591, 83, 84, 599, 90, 602, 93, 96, 609, 98, 104, 108, 620, 622, 624, 113, 625, 114, 626, 627, 628, 629, 118, 123, 124, 126, 127, 641, 132, 133, 135, 647, 137, 650, 651, 140, 141, 653, 144, 656, 147, 150, 151, 663, 152, 665, 157, 669, 670, 159, 673, 162, 674, 675, 164, 165, 677, 679, 168, 169, 681, 171, 684, 176, 177, 691, 693, 182, 185, 186, 698, 699, 188, 700, 703, 192, 704, 705, 707, 197, 709, 710, 711, 715, 206, 718, 719, 208, 720, 209, 214, 728, 217, 219, 731, 220, 734, 223, 735, 225, 742, 235, 236, 749, 238, 240, 242, 756, 245, 759, 760, 249, 761, 762, 253, 765, 254, 256, 257, 769, 770, 776, 777, 268, 783, 784, 785, 274, 788, 277, 279, 280, 282, 796, 797, 800, 289, 802, 294, 297, 810, 299, 813, 814, 817, 306, 818, 819, 820, 311, 314, 827, 318, 833, 322, 834, 324, 838, 327, 839, 844, 335, 847, 336, 337, 340, 854, 346, 859, 348, 862, 865, 866, 356, 358, 359, 873, 876, 365, 367, 879, 368, 880, 881, 370, 371, 883, 373, 889, 890, 379, 891, 381, 893, 895, 387, 388, 391, 410, 414, 418, 420, 424, 425, 430, 437, 438, 445, 446, 447, 450, 451, 452, 457, 459, 460, 461, 462, 467, 477, 481, 486, 487, 488, 490, 492, 493, 498, 503, 505, 509]
r17_r: [706, 840, 394, 842, 331, 779, 655, 721, 533, 342, 89, 603, 861, 607, 161, 34, 546, 803, 613, 551, 744, 107, 623, 561, 50, 435, 501, 55, 247, 191, 767]
r18_l: [512, 516, 517, 7, 519, 8, 523, 13, 527, 529, 18, 530, 19, 531, 532, 21, 23, 25, 27, 540, 544, 33, 39, 40, 41, 553, 43, 555, 556, 45, 557, 47, 560, 562, 565, 567, 56, 57, 58, 62, 574, 63, 575, 577, 66, 67, 579, 580, 581, 71, 583, 73, 74, 76, 588, 589, 81, 593, 594, 595, 596, 85, 597, 86, 598, 87, 600, 91, 605, 94, 606, 95, 610, 99, 102, 614, 103, 616, 617, 619, 109, 621, 110, 111, 112, 115, 630, 119, 120, 633, 634, 635, 636, 637, 128, 644, 134, 646, 649, 138, 139, 654, 143, 657, 146, 658, 659, 148, 149, 664, 153, 154, 666, 155, 667, 156, 668, 158, 160, 163, 676, 167, 680, 170, 682, 683, 686, 179, 180, 692, 181, 695, 696, 697, 187, 701, 190, 702, 194, 195, 198, 200, 712, 201, 713, 202, 204, 716, 717, 210, 722, 211, 723, 212, 724, 725, 726, 215, 216, 218, 733, 736, 737, 227, 739, 229, 741, 230, 231, 743, 233, 745, 234, 746, 747, 748, 750, 239, 751, 241, 753, 244, 758, 248, 251, 763, 255, 768, 259, 771, 261, 774, 263, 264, 266, 778, 269, 781, 270, 782, 787, 276, 278, 790, 791, 281, 794, 285, 286, 798, 799, 801, 290, 291, 292, 804, 293, 806, 295, 296, 809, 811, 812, 301, 303, 815, 304, 305, 309, 821, 312, 824, 825, 826, 315, 316, 828, 317, 830, 831, 320, 323, 836, 325, 837, 326, 328, 329, 841, 330, 843, 333, 845, 846, 849, 338, 850, 851, 852, 853, 343, 344, 858, 860, 349, 350, 863, 352, 864, 353, 354, 355, 357, 869, 360, 362, 874, 877, 878, 369, 882, 372, 885, 886, 375, 888, 377, 378, 380, 892, 894, 384, 896, 385, 897, 386, 898, 899, 389, 390, 395, 396, 397, 399, 402, 404, 405, 406, 408, 409, 411, 413, 415, 417, 421, 427, 428, 429, 431, 432, 434, 436, 441, 442, 443, 448, 449, 454, 458, 463, 466, 468, 469, 470, 472, 482, 483, 494, 495, 499, 502, 504, 507, 508]
r18_r: [129, 706, 772, 840, 394, 842, 779, 334, 655, 721, 533, 342, 89, 603, 861, 222, 607, 34, 546, 803, 613, 551, 744, 107, 623, 561, 50, 435, 501, 55, 247, 638, 191, 767]
r19_l: [4, 7, 8, 9, 13, 18, 19, 20, 21, 22, 23, 24, 25, 26, 27, 33, 39, 40, 41, 43, 45, 47, 49, 51, 56, 57, 58, 59, 62, 63, 66, 67, 71, 73, 74, 76, 81, 82, 85, 86, 87, 88, 91, 92, 94, 95, 97, 99, 101, 102, 103, 106, 109, 110, 111, 112, 115, 117, 119, 120, 125, 128, 130, 134, 136, 138, 139, 143, 146, 148, 149, 153, 154, 155, 156, 158, 160, 163, 167, 170, 172, 179, 180, 181, 187, 189, 190, 194, 195, 198, 200, 201, 202, 204, 205, 210, 211, 212, 215, 216, 218, 221, 227, 229, 230, 231, 232, 233, 234, 239, 241, 244, 246, 248, 251, 255, 258, 259, 261, 262, 263, 264, 266, 269, 270, 275, 276, 278, 281, 284, 285, 286, 288, 290, 291, 292, 293, 295, 296, 300, 301, 303, 304, 305, 307, 308, 309, 312, 315, 316, 317, 320, 323, 325, 326, 328, 329, 330, 332, 333, 338, 339, 341, 343, 344, 345, 349, 350, 352, 353, 354, 355, 357, 360, 362, 363, 364, 369, 372, 374, 375, 376, 377, 378, 380, 384, 385, 386, 389, 390, 393, 395, 396, 397, 398, 399, 400, 401, 402, 404, 405, 406, 408, 409, 411, 412, 413, 415, 416, 417, 421, 422, 426, 427, 428, 429, 431, 432, 434, 436, 441, 442, 443, 444, 448, 449, 453, 454, 456, 458, 463, 464, 466, 468, 469, 470, 471, 472, 475, 476, 480, 482, 483, 494, 495, 497, 499, 500, 502, 504, 507, 508, 510, 511, 512, 514, 516, 517, 519, 523, 527, 529, 530, 531, 532, 535, 540, 542, 544, 553, 555, 556, 557, 560, 562, 563, 565, 567, 574, 575, 577, 579, 580, 581, 583, 585, 588, 589, 593, 594, 595, 596, 597, 598, 600, 605, 606, 610, 611, 614, 616, 617, 618, 619, 621, 630, 633, 634, 635, 636, 637, 639, 640, 644, 645, 646, 648, 649, 654, 657, 658, 659, 661, 664, 666, 667, 668, 671, 672, 676, 680, 682, 683, 685, 686, 687, 692, 695, 696, 697, 701, 702, 712, 713, 716, 717, 722, 723, 724, 725, 726, 727, 733, 736, 737, 738, 739, 740, 741, 743, 745, 746, 747, 748, 750, 751, 753, 754, 758, 763, 764, 768, 771, 774, 775, 778, 780, 781, 782, 787, 789, 790, 791, 792, 794, 798, 799, 801, 804, 805, 806, 808, 809, 811, 812, 815, 821, 822, 823, 824, 825, 826, 828, 830, 831, 836, 837, 841, 843, 845, 846, 849, 850, 851, 852, 853, 855, 858, 860, 863, 864, 867, 869, 874, 875, 877, 878, 882, 885, 886, 887, 888, 892, 894, 896, 897, 898, 899]
r19_r: [129, 706, 772, 840, 394, 842, 779, 334, 655, 721, 533, 342, 89, 603, 861, 222, 607, 34, 546, 803, 613, 551, 744, 107, 623, 688, 561, 50, 435, 501, 55, 247, 638, 191, 767]
