r1_l: [256, 129, 2, 258, 3, 261, 134, 136, 9, 10, 138, 139, 12, 140, 269, 15, 271, 17, 273, 274, 19, 147, 276, 21, 149, 277, 26, 27, 157, 161, 165, 167, 168, 43, 44, 46, 48, 49, 177, 56, 57, 186, 197, 198, 73, 206, 207, 210, 83, 87, 88, 218, 221, 223, 225, 226, 100, 231, 104, 234, 236, 237, 243, 117, 247, 248, 123, 125, 253, 126, 127]
r1_r: [0, 1, 257, 259, 4, 260, 5, 7, 263, 8, 264, 265, 266, 11, 268, 13, 14, 270, 16, 272, 18, 275, 20, 22, 24, 28, 29, 30, 31, 32, 33, 34, 35, 36, 37, 38, 39, 40, 41, 45, 50, 51, 53, 54, 55, 58, 59, 60, 62, 63, 64, 66, 68, 69, 71, 72, 74, 75, 76, 77, 79, 80, 81, 82, 84, 85, 86, 89, 90, 92, 93, 94, 96, 97, 98, 99, 101, 102, 103, 105, 106, 107, 108, 109, 110, 111, 112, 113, 114, 115, 116, 118, 119, 120, 121, 122, 124, 130, 131, 132, 133, 135, 137, 141, 142, 143, 144, 145, 148, 150, 151, 152, 153, 155, 156, 158, 160, 162, 163, 164, 166, 169, 170, 171, 172, 173, 175, 176, 178, 179, 180, 181, 182, 183, 184, 185, 187, 188, 189, 190, 191, 192, 193, 194, 195, 196, 199, 200, 201, 202, 203, 204, 205, 208, 209, 211, 212, 213, 214, 215, 216, 219, 220, 222, 224, 227, 228, 229, 230, 233, 235, 239, 241, 242, 244, 245, 246, 249, 250, 251, 252, 254, 255]
r2_l: [132, 260, 134, 7, 263, 8, 12, 140, 268, 141, 272, 17, 274, 147, 148, 149, 24, 33, 162, 35, 41, 43, 172, 175, 49, 177, 185, 64, 195, 200, 74, 77, 208, 81, 82, 210, 83, 212, 87, 88, 216, 93, 99, 100, 228, 106, 114, 117, 118, 124, 255]
r2_r: [0, 1, 257, 2, 3, 259, 4, 5, 6, 9, 265, 10, 266, 267, 13, 14, 16, 273, 18, 19, 275, 277, 22, 278, 23, 25, 26, 29, 30, 34, 38, 40, 44, 47, 50, 51, 52, 56, 59, 60, 61, 62, 63, 65, 66, 67, 68, 69, 70, 71, 76, 79, 80, 84, 85, 86, 89, 92, 96, 98, 104, 105, 107, 108, 110, 111, 112, 115, 116, 120, 121, 123, 126, 127, 129, 130, 131, 135, 136, 137, 138, 139, 143, 144, 151, 153, 154, 155, 156, 158, 159, 161, 164, 165, 166, 167, 168, 171, 174, 176, 178, 179, 181, 183, 186, 187, 188, 189, 190, 191, 192, 193, 194, 196, 198, 203, 204, 205, 209, 211, 213, 215, 217, 218, 219, 221, 222, 226, 227, 230, 231, 232, 234, 235, 236, 237, 238, 239, 240, 241, 242, 243, 244, 245, 246, 247, 248, 249, 251, 252, 253]
r3_l: [1, 2, 132, 260, 134, 7, 263, 8, 12, 140, 268, 141, 142, 15, 143, 272, 17, 274, 147, 148, 276, 149, 24, 31, 33, 162, 35, 36, 37, 38, 166, 41, 42, 43, 172, 175, 49, 177, 51, 53, 54, 56, 57, 185, 58, 63, 64, 195, 71, 200, 73, 74, 75, 203, 77, 208, 81, 82, 210, 83, 211, 212, 213, 214, 87, 88, 216, 90, 219, 92, 93, 96, 224, 226, 99, 100, 228, 102, 233, 106, 107, 109, 114, 242, 115, 116, 117, 118, 124, 127, 255]
r3_r: [0, 256, 257, 258, 3, 259, 4, 5, 264, 9, 265, 10, 266, 13, 14, 270, 16, 273, 18, 19, 275, 20, 21, 277, 22, 26, 27, 29, 30, 34, 39, 40, 44, 46, 48, 50, 55, 59, 60, 62, 66, 68, 69, 72, 76, 79, 80, 84, 85, 86, 89, 97, 98, 101, 103, 104, 105, 108, 110, 111, 112, 113, 119, 120, 121, 122, 123, 126, 129, 130, 131, 133, 135, 136, 137, 138, 139, 144, 145, 151, 152, 153, 155, 156, 158, 161, 163, 164, 165, 167, 168, 169, 171, 173, 176, 178, 179, 181, 183, 186, 187, 188, 189, 190, 191, 192, 193, 194, 196, 197, 198, 201, 205, 209, 215, 218, 221, 222, 227, 229, 230, 231, 234, 235, 236, 237, 239, 241, 243, 244, 245, 246, 247, 248, 249, 251, 252, 253, 254]
r4_l: [192, 1, 65, 66, 194, 67, 68, 6, 71, 135, 199, 204, 142, 16, 144, 275, 84, 85, 22, 23, 215, 217, 90, 154, 37, 230, 232, 47, 240, 115, 179, 52, 53, 245, 60, 188, 252, 61]
r4_r: [128, 256, 258, 133, 134, 262, 7, 8, 264, 11, 12, 269, 270, 15, 17, 145, 146, 274, 20, 148, 21, 150, 152, 27, 28, 157, 31, 32, 160, 33, 162, 35, 163, 36, 39, 41, 169, 42, 170, 45, 173, 46, 48, 49, 180, 54, 182, 55, 184, 57, 58, 195, 72, 201, 74, 202, 77, 78, 83, 214, 216, 91, 220, 93, 94, 95, 223, 224, 97, 225, 228, 101, 229, 102, 103, 233, 106, 109, 113, 117, 119, 122, 250, 125, 254, 255]
r5_l: [133, 7, 8, 264, 11, 270, 145, 20, 148, 150, 152, 28, 31, 160, 33, 162, 35, 163, 36, 39, 41, 169, 170, 45, 173, 180, 54, 182, 55, 58, 195, 72, 201, 74, 77, 214, 216, 220, 93, 94, 224, 97, 228, 101, 229, 102, 103, 233, 106, 109, 113, 119, 122, 250, 254, 255]
r5_r: [192, 1, 65, 66, 194, 3, 67, 68, 6, 71, 135, 199, 136, 73, 10, 204, 142, 16, 144, 275, 84, 276, 85, 22, 215, 90, 226, 37, 230, 115, 179, 52, 53, 245, 123, 60, 188, 252, 126, 127]
r6_l: [1, 257, 131, 4, 5, 6, 135, 137, 268, 14, 142, 16, 144, 18, 275, 22, 23, 153, 154, 155, 156, 29, 34, 164, 37, 166, 40, 47, 176, 50, 51, 179, 52, 53, 59, 60, 188, 61, 189, 62, 190, 63, 192, 65, 66, 194, 67, 68, 196, 69, 71, 199, 200, 75, 203, 204, 205, 79, 84, 85, 86, 215, 217, 90, 219, 227, 230, 232, 235, 108, 110, 111, 240, 241, 114, 115, 245, 120, 121, 249, 252]
r6_r: [128, 256, 129, 198, 262, 138, 12, 269, 78, 15, 17, 146, 274, 19, 83, 21, 277, 87, 27, 91, 157, 161, 231, 104, 42, 44, 177, 117, 56, 57]
