r1_l: [194, 386, 259, 197, 200, 393, 268, 78, 210, 149, 278, 88, 155, 29, 221, 95, 415, 289, 226, 361, 425, 236, 430, 48, 241, 119, 247, 375, 184, 442, 317, 381, 319]
r1_r: [0, 258, 5, 261, 7, 263, 8, 10, 267, 12, 13, 270, 271, 16, 272, 273, 21, 277, 22, 279, 280, 282, 283, 28, 31, 34, 291, 38, 296, 298, 43, 299, 300, 45, 302, 50, 308, 310, 311, 314, 320, 66, 325, 74, 330, 332, 77, 333, 334, 336, 338, 339, 341, 348, 93, 96, 352, 97, 353, 99, 100, 358, 103, 359, 107, 110, 367, 369, 116, 118, 379, 124, 125, 382, 127, 383, 128, 135, 391, 136, 392, 137, 394, 395, 396, 141, 397, 144, 401, 147, 150, 406, 408, 409, 414, 159, 416, 417, 162, 163, 164, 421, 167, 171, 427, 432, 433, 179, 435, 181, 437, 182, 438, 439, 188, 192, 448, 206, 207, 208, 213, 219, 232, 233, 235, 240, 246, 249, 250, 253, 254, 255]
r2_l: [386, 262, 264, 393, 268, 142, 143, 274, 403, 278, 407, 155, 29, 30, 415, 289, 290, 37, 425, 430, 47, 48, 434, 184, 441, 442, 59, 189, 317, 190, 194, 197, 71, 200, 329, 204, 335, 80, 88, 346, 221, 355, 356, 102, 361, 236, 237, 366, 241, 114, 115, 117, 119, 247, 375, 378, 381]
r2_r: [0, 256, 258, 5, 261, 7, 263, 8, 10, 267, 12, 13, 270, 271, 16, 272, 273, 21, 277, 22, 279, 280, 282, 27, 283, 28, 285, 31, 34, 291, 296, 41, 298, 43, 299, 300, 45, 302, 50, 307, 308, 310, 311, 314, 320, 66, 325, 74, 330, 332, 77, 333, 334, 336, 338, 339, 340, 341, 348, 93, 96, 352, 97, 353, 99, 100, 358, 103, 359, 104, 362, 107, 108, 110, 367, 369, 116, 118, 377, 379, 124, 125, 382, 127, 383, 128, 135, 391, 136, 392, 137, 394, 395, 396, 141, 397, 144, 401, 147, 150, 406, 408, 409, 414, 159, 160, 416, 417, 162, 163, 164, 421, 167, 171, 427, 432, 177, 433, 179, 435, 181, 437, 182, 438, 439, 188, 192, 448, 206, 207, 208, 213, 219, 232, 233, 235, 240, 246, 249, 250, 253, 254, 255]
r3_l: [385, 386, 134, 262, 393, 140, 142, 143, 274, 402, 403, 404, 149, 278, 23, 407, 26, 155, 284, 29, 415, 33, 289, 290, 294, 40, 425, 44, 429, 430, 47, 48, 176, 305, 434, 52, 54, 184, 440, 442, 187, 317, 193, 449, 194, 323, 68, 69, 197, 198, 71, 200, 329, 205, 335, 80, 85, 216, 89, 346, 347, 349, 223, 226, 356, 102, 361, 236, 237, 241, 114, 370, 115, 119, 247, 375, 378]
r3_r: [0, 256, 258, 5, 261, 7, 263, 8, 10, 267, 12, 13, 270, 271, 16, 272, 273, 21, 277, 22, 279, 280, 282, 27, 283, 28, 285, 31, 34, 291, 296, 41, 298, 43, 299, 300, 45, 302, 50, 307, 308, 310, 311, 314, 320, 66, 325, 74, 330, 332, 77, 333, 334, 336, 338, 339, 340, 341, 348, 93, 96, 352, 97, 353, 99, 100, 358, 103, 359, 104, 362, 107, 108, 110, 367, 369, 116, 118, 377, 379, 124, 125, 382, 127, 383, 128, 135, 391, 136, 392, 137, 394, 395, 396, 141, 397, 144, 401, 147, 150, 406, 408, 409, 414, 159, 160, 416, 417, 162, 163, 164, 421, 167, 171, 427, 432, 177, 433, 179, 435, 181, 437, 182, 438, 439, 188, 192, 448, 206, 207, 208, 213, 219, 232, 233, 235, 240, 246, 249, 250, 253, 254, 255]
r4_l: [257, 262, 264, 268, 274, 276, 278, 23, 26, 284, 29, 30, 33, 289, 290, 36, 37, 294, 40, 44, 47, 303, 48, 49, 305, 52, 309, 54, 312, 59, 317, 64, 67, 323, 68, 69, 71, 329, 79, 335, 80, 81, 85, 343, 88, 89, 346, 91, 347, 92, 349, 94, 351, 355, 356, 101, 102, 360, 361, 366, 114, 370, 115, 117, 119, 375, 376, 378, 123, 381, 385, 386, 134, 393, 140, 142, 143, 402, 403, 404, 149, 151, 407, 155, 158, 415, 418, 166, 425, 429, 430, 176, 434, 184, 440, 441, 442, 187, 444, 189, 190, 446, 191, 193, 449, 194, 197, 198, 200, 204, 205, 211, 216, 220, 221, 223, 225, 226, 229, 236, 237, 241, 247]
r4_r: [0, 256, 258, 5, 261, 7, 263, 8, 10, 267, 12, 13, 270, 271, 16, 272, 273, 18, 21, 277, 22, 279, 280, 282, 27, 283, 28, 285, 31, 34, 35, 291, 296, 41, 298, 43, 299, 300, 45, 302, 50, 307, 308, 310, 311, 313, 314, 320, 66, 325, 74, 330, 332, 77, 333, 334, 336, 338, 339, 340, 341, 348, 93, 96, 352, 97, 353, 99, 100, 358, 103, 359, 104, 362, 107, 108, 365, 110, 367, 369, 371, 116, 118, 377, 379, 124, 125, 382, 127, 383, 128, 135, 391, 136, 392, 137, 394, 395, 396, 141, 397, 144, 401, 146, 147, 150, 406, 408, 409, 413, 414, 159, 160, 416, 417, 162, 163, 164, 421, 167, 171, 427, 432, 177, 433, 179, 435, 181, 437, 182, 438, 439, 188, 447, 192, 448, 206, 207, 208, 213, 219, 232, 233, 235, 240, 246, 249, 250, 253, 254, 255]
r5_l: [257, 259, 6, 262, 264, 268, 269, 274, 276, 278, 23, 24, 26, 284, 29, 30, 286, 33, 289, 290, 36, 37, 293, 294, 295, 40, 44, 46, 47, 303, 48, 49, 305, 306, 52, 309, 54, 56, 312, 57, 59, 317, 318, 319, 67, 323, 68, 69, 70, 71, 329, 78, 79, 335, 80, 81, 82, 85, 343, 88, 89, 346, 91, 347, 92, 349, 94, 350, 95, 351, 355, 356, 101, 102, 360, 105, 361, 366, 114, 370, 115, 117, 374, 119, 375, 376, 378, 123, 381, 385, 386, 133, 134, 393, 139, 140, 142, 398, 143, 402, 403, 404, 149, 151, 407, 410, 155, 412, 158, 415, 161, 418, 165, 166, 425, 429, 430, 176, 434, 180, 183, 184, 440, 441, 442, 187, 189, 445, 190, 446, 191, 193, 449, 194, 196, 197, 198, 200, 204, 205, 210, 211, 215, 216, 217, 218, 220, 221, 223, 224, 225, 226, 229, 236, 237, 239, 241, 245, 247, 248]
r5_r: [0, 256, 258, 5, 261, 7, 263, 8, 10, 267, 12, 13, 270, 271, 16, 272, 273, 18, 21, 277, 22, 279, 280, 282, 27, 283, 28, 285, 31, 34, 35, 291, 296, 41, 298, 43, 299, 300, 45, 302, 50, 307, 308, 310, 311, 313, 314, 320, 66, 325, 74, 330, 332, 77, 333, 334, 336, 338, 339, 340, 341, 348, 93, 96, 352, 97, 353, 99, 100, 358, 103, 359, 104, 362, 107, 108, 365, 110, 367, 369, 371, 116, 118, 377, 379, 124, 125, 382, 127, 383, 128, 135, 391, 136, 392, 137, 394, 395, 396, 141, 397, 144, 401, 146, 147, 150, 406, 408, 409, 413, 414, 159, 160, 416, 417, 162, 163, 164, 421, 167, 171, 427, 432, 177, 433, 179, 435, 181, 437, 182, 438, 439, 188, 447, 192, 448, 206, 207, 208, 213, 219, 232, 233, 235, 240, 246, 249, 250, 253, 254, 255]
r6_l: [259, 262, 264, 266, 268, 274, 20, 276, 278, 23, 24, 25, 26, 284, 29, 30, 286, 32, 33, 289, 290, 36, 37, 293, 294, 295, 40, 297, 42, 44, 46, 47, 303, 48, 49, 305, 306, 52, 53, 309, 54, 56, 312, 57, 59, 60, 316, 317, 318, 319, 67, 323, 68, 324, 69, 70, 71, 329, 78, 79, 335, 80, 82, 83, 85, 342, 343, 88, 89, 346, 91, 347, 92, 349, 94, 350, 95, 351, 98, 355, 356, 101, 102, 360, 105, 361, 366, 111, 114, 370, 115, 117, 373, 374, 119, 375, 120, 376, 378, 123, 381, 126, 129, 385, 386, 131, 387, 133, 134, 393, 139, 140, 142, 398, 143, 402, 403, 404, 149, 151, 407, 410, 155, 156, 412, 157, 158, 415, 161, 418, 419, 165, 166, 425, 426, 173, 429, 430, 176, 434, 180, 436, 183, 184, 440, 441, 442, 187, 189, 445, 190, 191, 193, 449, 194, 196, 197, 198, 200, 204, 205, 210, 211, 215, 216, 217, 218, 220, 221, 222, 223, 224, 225, 226, 227, 229, 236, 237, 238, 239, 241, 244, 245, 247, 248]
r6_r: [0, 256, 258, 5, 261, 7, 263, 8, 10, 267, 12, 13, 270, 15, 271, 16, 272, 273, 18, 21, 277, 22, 279, 280, 282, 27, 283, 28, 285, 31, 34, 35, 291, 292, 296, 41, 298, 43, 299, 300, 45, 302, 50, 307, 308, 310, 311, 313, 314, 320, 66, 325, 74, 330, 332, 77, 333, 334, 336, 338, 339, 340, 341, 348, 93, 96, 352, 97, 353, 99, 100, 358, 103, 359, 104, 362, 107, 108, 365, 110, 367, 369, 371, 116, 118, 377, 379, 124, 125, 382, 127, 383, 128, 384, 135, 391, 136, 392, 137, 394, 395, 396, 141, 397, 144, 401, 146, 147, 150, 406, 408, 409, 413, 414, 159, 160, 416, 417, 162, 163, 164, 421, 167, 171, 427, 432, 177, 433, 179, 435, 181, 437, 182, 438, 439, 188, 447, 192, 448, 206, 207, 208, 213, 219, 231, 232, 233, 235, 240, 246, 249, 250, 253, 254, 255]
r7_l: [0, 1, 2, 3, 5, 7, 8, 10, 12, 13, 14, 16, 18, 21, 22, 27, 28, 34, 35, 41, 43, 45, 50, 51, 55, 58, 61, 62, 65, 66, 74, 77, 86, 87, 90, 93, 96, 97, 99, 100, 103, 104, 106, 107, 108, 110, 112, 113, 116, 118, 121, 124, 125, 127, 128, 130, 135, 136, 137, 141, 144, 146, 147, 148, 150, 154, 159, 160, 162, 163, 164, 167, 168, 169, 170, 171, 172, 175, 177, 178, 179, 181, 182, 185, 188, 192, 203, 206, 207, 208, 209, 213, 219, 232, 233, 234, 235, 240, 242, 246, 249, 250, 251, 252, 253, 254, 255, 256, 258, 260, 261, 263, 267, 270, 271, 272, 273, 275, 277, 279, 280, 281, 282, 283, 285, 288, 291, 296, 298, 299, 300, 302, 307, 308, 310, 311, 313, 314, 315, 320, 321, 325, 327, 328, 330, 332, 333, 334, 336, 337, 338, 339, 340, 341, 348, 352, 353, 358, 359, 362, 364, 367, 368, 369, 377, 379, 382, 383, 389, 391, 392, 394, 395, 396, 397, 400, 401, 406, 408, 409, 414, 416, 417, 421, 422, 424, 427, 431, 432, 433, 435, 437, 438, 439, 448]
r7_r: [449, 194, 386, 197, 71, 200, 393, 79, 143, 149, 278, 88, 155, 220, 29, 349, 415, 289, 226, 290, 361, 425, 236, 366, 430, 48, 241, 305, 115, 119, 247, 375, 441, 442, 444, 189, 317, 381]
r8_l: [256, 257, 260, 264, 9, 265, 12, 14, 274, 19, 275, 20, 276, 23, 279, 26, 27, 29, 287, 32, 33, 289, 291, 36, 292, 294, 40, 44, 302, 47, 303, 48, 305, 306, 52, 309, 56, 312, 57, 58, 316, 317, 64, 322, 67, 323, 68, 324, 69, 326, 71, 75, 331, 335, 83, 85, 86, 342, 343, 344, 89, 346, 91, 347, 92, 348, 349, 94, 350, 95, 354, 356, 101, 357, 360, 105, 361, 362, 107, 108, 364, 111, 368, 113, 114, 370, 115, 371, 373, 119, 375, 378, 380, 384, 129, 385, 386, 387, 132, 133, 390, 393, 139, 142, 143, 400, 402, 403, 148, 404, 149, 405, 407, 153, 409, 154, 155, 411, 156, 413, 158, 415, 418, 420, 422, 423, 425, 427, 428, 173, 429, 430, 176, 434, 436, 184, 440, 441, 442, 187, 443, 444, 190, 446, 193, 449, 194, 197, 198, 199, 201, 205, 209, 214, 216, 217, 221, 222, 224, 225, 226, 228, 236, 241, 243, 244, 245, 246, 247, 253]
r8_r: [0, 258, 5, 261, 263, 10, 267, 13, 272, 273, 21, 277, 280, 282, 283, 28, 31, 34, 38, 296, 298, 43, 299, 300, 50, 51, 308, 310, 55, 311, 314, 315, 62, 320, 65, 321, 66, 325, 328, 74, 330, 77, 333, 336, 337, 338, 339, 341, 90, 97, 353, 99, 358, 103, 359, 106, 363, 110, 367, 369, 116, 118, 379, 124, 125, 382, 383, 128, 130, 389, 135, 392, 137, 394, 396, 141, 397, 144, 401, 147, 150, 408, 414, 159, 416, 162, 163, 164, 421, 167, 424, 169, 170, 171, 175, 433, 178, 181, 437, 182, 438, 439, 185, 192, 448, 206, 207, 208, 213, 219, 232, 233, 235, 240, 242, 249, 250, 251]
