r1_l: [128, 4, 69, 135, 263, 203, 14, 142, 79, 16, 17, 146, 83, 275, 84, 148, 213, 95, 227, 100, 228, 39, 40, 47, 180, 53, 117, 54, 184, 127]
r1_r: [0, 256, 1, 257, 2, 3, 259, 261, 6, 7, 8, 264, 9, 265, 10, 266, 267, 268, 13, 270, 15, 272, 274, 20, 21, 22, 26, 27, 28, 29, 30, 31, 32, 33, 34, 35, 36, 37, 38, 41, 43, 45, 48, 49, 50, 51, 52, 56, 57, 58, 59, 60, 61, 62, 63, 64, 65, 66, 67, 68, 70, 71, 72, 73, 75, 76, 78, 80, 81, 82, 85, 86, 87, 89, 90, 91, 92, 94, 96, 97, 98, 99, 101, 102, 103, 105, 106, 107, 108, 109, 110, 111, 112, 113, 114, 115, 116, 118, 119, 120, 121, 122, 124, 131, 132, 134, 136, 138, 141, 143, 144, 145, 147, 149, 150, 151, 152, 153, 154, 155, 157, 159, 161, 162, 164, 167, 168, 169, 171, 172, 173, 174, 175, 178, 179, 181, 182, 183, 185, 186, 187, 188, 189, 190, 192, 193, 194, 195, 196, 197, 198, 199, 200, 201, 204, 205, 206, 207, 208, 209, 211, 212, 214, 215, 216, 217, 218, 219, 221, 222, 224, 225, 226, 229, 230, 232, 233, 235, 236, 237, 238, 240, 244, 245, 246, 247, 248, 249, 251, 252, 253, 254]
r2_l: [128, 130, 258, 4, 69, 133, 262, 137, 11, 139, 140, 77, 142, 271, 273, 18, 210, 148, 213, 24, 220, 95, 223, 160, 163, 100, 165, 166, 40, 104, 170, 234, 46, 47, 239, 241, 242, 180, 250, 127, 191, 255]
r2_r: [0, 256, 1, 257, 2, 3, 259, 261, 6, 7, 8, 264, 9, 265, 10, 266, 267, 268, 13, 270, 15, 272, 274, 20, 21, 22, 26, 27, 28, 29, 30, 31, 32, 33, 34, 35, 36, 37, 38, 41, 43, 45, 48, 49, 50, 51, 52, 56, 57, 58, 59, 60, 61, 62, 63, 64, 65, 66, 67, 68, 70, 71, 72, 73, 75, 76, 78, 80, 81, 82, 85, 86, 87, 89, 90, 91, 92, 94, 96, 97, 98, 99, 101, 102, 103, 105, 106, 107, 108, 109, 110, 111, 112, 113, 114, 115, 116, 118, 119, 120, 121, 122, 124, 131, 132, 134, 136, 138, 141, 143, 144, 145, 147, 149, 150, 151, 152, 153, 154, 155, 157, 159, 161, 162, 164, 167, 168, 169, 171, 172, 173, 174, 175, 178, 179, 181, 182, 183, 185, 186, 187, 188, 189, 190, 192, 193, 194, 195, 196, 197, 198, 199, 200, 201, 204, 205, 206, 207, 208, 209, 211, 212, 214, 215, 216, 217, 218, 219, 221, 222, 224, 225, 226, 229, 230, 232, 233, 235, 236, 237, 238, 240, 244, 245, 246, 247, 248, 249, 251, 252, 253, 254]
r3_l: [257, 261, 134, 135, 264, 9, 10, 268, 14, 142, 143, 272, 17, 146, 147, 275, 148, 22, 31, 33, 161, 37, 38, 40, 174, 47, 50, 178, 180, 62, 190, 69, 70, 71, 200, 73, 203, 204, 78, 79, 83, 211, 84, 213, 86, 215, 91, 99, 100, 230, 106, 114, 117, 118, 124]
r3_r: [0, 256, 1, 258, 259, 260, 5, 6, 7, 265, 266, 11, 267, 12, 269, 270, 15, 273, 18, 274, 19, 20, 276, 21, 277, 24, 25, 26, 27, 28, 35, 36, 41, 42, 43, 44, 46, 48, 52, 55, 56, 57, 58, 59, 61, 63, 64, 65, 66, 68, 72, 74, 75, 76, 77, 80, 81, 82, 85, 87, 88, 90, 92, 93, 94, 97, 98, 101, 103, 104, 105, 108, 109, 111, 112, 113, 119, 120, 121, 122, 123, 125, 126, 129, 130, 131, 132, 133, 136, 137, 138, 139, 140, 141, 144, 145, 149, 150, 151, 152, 153, 154, 155, 156, 157, 158, 159, 160, 162, 163, 165, 166, 167, 168, 169, 170, 171, 173, 175, 176, 177, 179, 181, 182, 185, 187, 189, 191, 192, 193, 194, 195, 196, 197, 198, 199, 201, 202, 205, 206, 209, 212, 218, 219, 220, 222, 223, 224, 226, 229, 231, 232, 233, 234, 235, 236, 238, 239, 240, 241, 242, 243, 244, 245, 246, 248, 249, 250, 251, 253, 254, 255]
r4_l: [128, 257, 2, 3, 4, 261, 134, 135, 8, 264, 9, 10, 268, 14, 142, 143, 16, 272, 17, 146, 147, 275, 148, 22, 23, 29, 31, 32, 33, 161, 34, 164, 37, 38, 39, 40, 172, 45, 174, 47, 49, 50, 178, 51, 180, 53, 54, 184, 60, 62, 190, 67, 69, 70, 71, 200, 73, 203, 204, 78, 79, 207, 208, 83, 211, 84, 213, 86, 214, 215, 216, 89, 217, 91, 221, 95, 96, 225, 99, 100, 228, 102, 230, 106, 107, 237, 110, 114, 115, 116, 117, 118, 247, 124, 127]
r4_r: [259, 132, 5, 133, 6, 7, 136, 137, 138, 267, 12, 140, 15, 144, 273, 274, 20, 21, 277, 24, 152, 153, 154, 27, 155, 158, 163, 36, 165, 43, 171, 44, 48, 177, 179, 182, 55, 56, 57, 58, 59, 63, 64, 65, 193, 66, 194, 195, 197, 199, 201, 75, 77, 80, 81, 209, 82, 218, 219, 220, 94, 223, 226, 229, 233, 235, 109, 111, 240, 241, 243, 245, 246, 120, 121, 249, 123, 251, 126, 254]
r5_l: [64, 65, 5, 197, 199, 12, 144, 81, 274, 21, 277, 153, 218, 219, 158, 233, 43, 235, 177, 243, 245, 182, 55, 57, 249, 58, 123, 126, 254, 63]
r5_r: [257, 261, 134, 135, 263, 264, 9, 10, 268, 14, 142, 143, 272, 17, 146, 147, 275, 148, 22, 30, 31, 33, 161, 37, 38, 39, 40, 174, 47, 50, 178, 180, 183, 186, 188, 62, 190, 69, 70, 71, 200, 73, 203, 204, 78, 79, 83, 211, 84, 213, 86, 215, 91, 99, 100, 102, 230, 106, 237, 114, 117, 118, 124, 252]
r6_l: [3, 259, 132, 6, 7, 8, 136, 138, 267, 143, 144, 274, 20, 21, 153, 154, 27, 155, 33, 164, 37, 43, 171, 45, 48, 49, 50, 179, 182, 56, 57, 58, 59, 60, 63, 64, 65, 193, 66, 194, 67, 195, 197, 71, 199, 201, 204, 207, 80, 208, 81, 82, 86, 218, 219, 221, 94, 226, 229, 233, 235, 109, 111, 115, 245, 120, 121, 249, 251, 254]
r6_r: [128, 129, 130, 258, 5, 133, 263, 137, 11, 139, 12, 140, 269, 14, 16, 17, 18, 146, 19, 275, 276, 277, 23, 25, 156, 158, 160, 163, 165, 166, 39, 40, 170, 44, 176, 180, 53, 54, 69, 74, 79, 83, 84, 88, 95, 223, 100, 228, 231, 104, 234, 239, 241, 242, 117, 250, 123, 126, 127, 255]
r7_l: [256, 257, 258, 260, 135, 9, 10, 269, 14, 270, 16, 17, 145, 19, 147, 151, 25, 26, 156, 29, 31, 159, 32, 161, 162, 35, 38, 167, 168, 42, 46, 47, 175, 176, 51, 52, 54, 61, 68, 70, 200, 73, 203, 205, 79, 217, 91, 92, 97, 225, 227, 101, 230, 103, 231, 232, 106, 110, 238, 113, 117, 119, 122, 125]
r7_r: [64, 65, 5, 197, 199, 8, 144, 208, 275, 21, 277, 23, 153, 218, 219, 158, 33, 228, 233, 43, 235, 45, 177, 50, 115, 243, 245, 182, 55, 57, 249, 58, 123, 126, 254, 63]
r8_l: [256, 1, 257, 2, 258, 260, 261, 263, 264, 9, 265, 10, 266, 11, 13, 269, 14, 270, 16, 17, 18, 19, 276, 22, 25, 26, 29, 31, 32, 34, 35, 38, 39, 41, 42, 46, 47, 51, 52, 53, 54, 61, 62, 68, 70, 72, 73, 74, 79, 83, 85, 88, 89, 90, 91, 92, 93, 97, 98, 101, 102, 103, 104, 106, 107, 108, 110, 113, 116, 117, 118, 119, 122, 124, 125, 129, 130, 134, 135, 139, 141, 145, 146, 147, 149, 150, 151, 156, 157, 159, 160, 161, 162, 167, 168, 172, 175, 176, 178, 180, 181, 183, 185, 186, 188, 189, 190, 191, 198, 200, 203, 205, 212, 214, 215, 217, 222, 224, 225, 227, 230, 231, 232, 234, 236, 237, 238, 242, 247, 252, 253]
r8_r: [64, 65, 5, 197, 199, 8, 144, 208, 275, 21, 277, 23, 153, 218, 219, 158, 33, 228, 233, 43, 235, 45, 177, 50, 115, 243, 245, 182, 55, 57, 249, 58, 123, 126, 254, 63]
