r1_l: [129, 193, 3, 133, 6, 70, 134, 203, 12, 77, 141, 16, 80, 212, 22, 25, 96, 225, 226, 99, 36, 103, 168, 107, 48, 112, 53, 188, 61, 62]
r1_r: [64, 1, 65, 131, 4, 68, 198, 72, 9, 13, 78, 79, 209, 18, 147, 150, 89, 26, 154, 155, 156, 223, 161, 227, 228, 101, 38, 39, 44, 110, 176, 177, 178, 115, 179, 52, 54, 182, 119, 184, 122, 63]
r2_l: [5, 136, 200, 204, 14, 206, 208, 210, 149, 213, 23, 215, 24, 89, 26, 156, 93, 31, 33, 161, 165, 229, 102, 167, 232, 180, 54, 183, 184, 127]
r2_r: [129, 130, 6, 70, 134, 203, 12, 77, 141, 16, 80, 17, 212, 22, 25, 96, 224, 225, 226, 99, 36, 103, 168, 107, 48, 112, 51, 53, 188, 61, 62]
r3_l: [128, 5, 7, 8, 11, 14, 142, 15, 20, 21, 24, 153, 26, 156, 30, 31, 33, 161, 162, 35, 163, 167, 172, 180, 54, 183, 184, 185, 59, 69, 70, 200, 74, 76, 204, 206, 208, 83, 84, 213, 214, 87, 215, 89, 93, 94, 222, 98, 227, 229, 102, 104, 115, 122, 127]
r3_r: [1, 129, 130, 3, 131, 4, 133, 6, 134, 9, 12, 13, 141, 16, 17, 18, 146, 147, 22, 150, 25, 154, 27, 155, 34, 36, 38, 39, 40, 168, 44, 48, 176, 177, 178, 51, 179, 52, 53, 182, 57, 186, 188, 61, 62, 190, 63, 191, 64, 65, 193, 68, 198, 71, 72, 201, 75, 203, 77, 78, 79, 207, 80, 209, 212, 216, 219, 223, 96, 224, 225, 226, 99, 228, 101, 230, 103, 107, 110, 112, 118, 119, 121, 123]
r4_l: [129, 130, 4, 6, 134, 10, 12, 16, 17, 146, 147, 22, 150, 23, 154, 155, 161, 34, 36, 164, 39, 168, 170, 48, 176, 177, 178, 51, 52, 53, 182, 58, 186, 187, 188, 61, 62, 191, 66, 70, 200, 203, 80, 212, 216, 219, 92, 225, 226, 99, 228, 229, 103, 107, 112, 118, 121]
r4_r: [64, 128, 1, 193, 131, 69, 133, 71, 74, 75, 13, 77, 14, 78, 142, 206, 209, 87, 215, 89, 26, 223, 96, 98, 163, 102, 104, 44, 179, 180, 54, 183, 184, 185, 123, 63, 127]
r5_l: [132, 135, 137, 139, 140, 144, 211, 85, 151, 88, 218, 28, 221, 158, 95, 97, 100, 166, 231, 105, 169, 42, 43, 109, 46, 174, 50, 55, 60, 125]
r5_r: [129, 5, 133, 6, 134, 7, 136, 10, 11, 12, 13, 15, 17, 149, 22, 23, 153, 154, 155, 29, 34, 162, 164, 165, 170, 172, 47, 48, 179, 52, 181, 58, 186, 187, 188, 61, 63, 191, 193, 66, 70, 199, 200, 73, 203, 76, 77, 80, 81, 210, 83, 214, 216, 89, 90, 219, 92, 94, 222, 96, 224, 226, 99, 229, 103, 232, 107, 112, 115, 118, 120, 121, 123]
r6_l: [128, 2, 138, 142, 144, 145, 19, 20, 148, 21, 151, 24, 152, 157, 30, 158, 32, 160, 33, 35, 163, 171, 45, 46, 175, 49, 180, 56, 185, 59, 192, 194, 67, 196, 69, 197, 71, 201, 204, 206, 207, 82, 84, 85, 213, 86, 87, 217, 218, 220, 93, 97, 98, 231, 105, 106, 108, 113, 125, 126, 127]
r6_r: [129, 130, 4, 6, 70, 203, 12, 16, 80, 147, 22, 154, 155, 219, 224, 225, 34, 226, 99, 36, 101, 38, 103, 168, 107, 112, 51, 52, 186, 188, 61, 191]
r7_l: [1, 3, 4, 6, 7, 9, 11, 12, 13, 16, 17, 18, 22, 25, 26, 34, 36, 38, 39, 44, 47, 48, 51, 52, 53, 54, 61, 62, 63, 64, 65, 66, 68, 70, 72, 73, 75, 76, 77, 78, 79, 80, 81, 89, 92, 94, 96, 99, 101, 103, 104, 107, 110, 112, 115, 118, 119, 120, 121, 122, 123, 129, 130, 131, 133, 134, 141, 146, 147, 150, 154, 155, 156, 161, 165, 168, 172, 176, 177, 178, 179, 181, 182, 184, 186, 188, 191, 193, 198, 199, 200, 203, 209, 212, 216, 219, 222, 223, 224, 225, 226, 227, 228, 229, 232]
r7_r: [0, 2, 5, 8, 10, 11, 14, 15, 19, 20, 21, 23, 24, 27, 29, 30, 31, 33, 35, 40, 41, 45, 46, 47, 49, 57, 58, 59, 67, 69, 71, 73, 74, 76, 83, 84, 86, 87, 88, 90, 91, 92, 93, 94, 97, 98, 100, 102, 105, 106, 108, 111, 113, 114, 116, 117, 120, 125, 126, 127, 128, 132, 136, 138, 140, 142, 143, 144, 145, 148, 149, 151, 152, 153, 157, 158, 160, 162, 163, 165, 167, 170, 171, 172, 174, 175, 180, 181, 183, 185, 187, 190, 192, 196, 197, 199, 201, 202, 204, 205, 206, 207, 208, 210, 213, 214, 215, 217, 221, 222, 230, 231, 232]
