r1_l: [0, 2, 3, 4, 71, 393, 74, 12, 147, 211, 150, 158, 224, 289, 163, 229, 421, 232, 239, 367, 240, 432, 306, 370, 308, 245, 309, 373, 374, 375, 379, 316, 381]
r1_r: [6, 15, 17, 18, 20, 21, 27, 28, 29, 30, 31, 32, 34, 35, 36, 37, 38, 39, 40, 42, 44, 45, 46, 47, 48, 49, 51, 52, 53, 57, 58, 60, 61, 63, 64, 65, 67, 76, 77, 78, 81, 83, 84, 85, 86, 87, 88, 90, 91, 95, 97, 98, 101, 102, 103, 104, 105, 107, 108, 109, 110, 113, 115, 116, 118, 119, 120, 121, 124, 125, 128, 131, 133, 134, 135, 136, 139, 141, 144, 149, 151, 153, 154, 159, 160, 161, 165, 166, 167, 168, 173, 175, 177, 178, 180, 182, 184, 186, 189, 190, 192, 194, 197, 198, 200, 201, 202, 204, 208, 209, 210, 212, 213, 215, 218, 220, 223, 225, 226, 233, 242, 243, 244, 246, 248, 249, 251, 253, 255, 256, 257, 259, 260, 261, 267, 268, 269, 271, 274, 276, 277, 279, 281, 283, 285, 292, 293, 295, 298, 303, 311, 312, 314, 315, 317, 318, 319, 321, 322, 323, 324, 326, 327, 328, 329, 332, 333, 334, 335, 336, 337, 340, 341, 343, 344, 346, 347, 349, 352, 358, 359, 360, 363, 364, 371, 382, 384, 385, 387, 389, 391, 392, 394, 396, 399, 400, 402, 403, 407, 408, 411, 412, 420, 422, 427, 428, 429, 430]
r2_l: [257, 258, 259, 260, 6, 267, 271, 17, 18, 274, 276, 27, 28, 29, 30, 31, 32, 34, 35, 37, 295, 40, 42, 298, 44, 304, 49, 52, 311, 312, 57, 58, 314, 59, 315, 60, 61, 318, 319, 321, 322, 323, 324, 326, 327, 328, 329, 76, 77, 78, 334, 335, 336, 337, 83, 84, 85, 341, 86, 87, 88, 344, 90, 346, 91, 349, 97, 98, 101, 102, 103, 359, 104, 105, 107, 364, 109, 116, 118, 119, 120, 382, 128, 384, 385, 387, 133, 389, 135, 392, 139, 396, 399, 400, 402, 403, 149, 151, 407, 408, 153, 154, 411, 156, 412, 159, 161, 420, 165, 166, 422, 167, 168, 427, 173, 429, 430, 178, 180, 182, 184, 186, 189, 192, 194, 197, 198, 200, 202, 204, 208, 209, 212, 213, 215, 223, 225, 233, 242, 243, 244, 248, 249, 251, 255]
r2_r: [1, 2, 130, 386, 3, 8, 393, 10, 266, 395, 12, 14, 142, 16, 273, 401, 275, 405, 278, 152, 280, 26, 282, 286, 415, 33, 289, 417, 162, 290, 419, 169, 43, 299, 431, 307, 308, 181, 55, 56, 313, 188, 316, 191, 195, 69, 325, 71, 72, 74, 330, 75, 207, 338, 211, 339, 217, 345, 219, 96, 224, 99, 355, 234, 240, 368, 241, 369, 372, 245, 374, 376, 379, 380, 254]
r3_l: [0, 256, 257, 259, 6, 267, 268, 271, 17, 18, 274, 20, 276, 277, 27, 283, 28, 29, 285, 30, 32, 34, 35, 36, 292, 37, 293, 38, 39, 295, 40, 298, 45, 46, 47, 303, 49, 51, 52, 311, 312, 57, 58, 314, 60, 61, 319, 65, 321, 322, 67, 323, 326, 327, 328, 329, 77, 78, 335, 337, 83, 84, 340, 85, 86, 87, 88, 344, 90, 346, 91, 347, 349, 95, 97, 98, 101, 102, 103, 359, 104, 105, 107, 364, 109, 110, 115, 116, 118, 119, 120, 124, 125, 382, 384, 133, 389, 135, 391, 136, 392, 139, 396, 141, 144, 400, 402, 403, 149, 408, 153, 154, 412, 159, 160, 161, 420, 165, 422, 167, 168, 427, 173, 429, 430, 175, 178, 180, 182, 184, 186, 189, 192, 194, 197, 198, 200, 202, 204, 208, 209, 212, 213, 215, 220, 223, 225, 233, 242, 243, 244, 246, 248, 249, 251, 253, 255]
r3_r: [386, 3, 199, 72, 393, 74, 138, 205, 401, 211, 275, 148, 214, 152, 280, 345, 92, 96, 289, 162, 419, 421, 234, 426, 366, 111, 431, 112, 368, 241, 369, 307, 308, 56, 313, 377, 316]
r4_l: [2, 130, 386, 3, 393, 12, 273, 401, 275, 152, 280, 26, 282, 286, 33, 289, 162, 419, 169, 299, 431, 307, 308, 181, 55, 56, 313, 188, 316, 191, 325, 71, 72, 74, 75, 211, 339, 345, 219, 96, 224, 99, 234, 368, 241, 369, 372, 379, 254]
r4_r: [257, 258, 259, 260, 6, 267, 15, 271, 17, 18, 274, 276, 27, 28, 29, 30, 31, 32, 34, 35, 37, 295, 40, 42, 298, 44, 304, 49, 52, 53, 311, 312, 57, 58, 314, 59, 315, 60, 61, 318, 319, 321, 322, 323, 324, 326, 327, 328, 329, 76, 77, 78, 334, 335, 336, 337, 83, 84, 85, 341, 86, 87, 88, 344, 90, 346, 91, 349, 97, 98, 101, 102, 103, 359, 104, 105, 107, 364, 109, 116, 118, 119, 120, 382, 128, 384, 385, 387, 133, 389, 135, 392, 139, 396, 399, 400, 402, 403, 149, 151, 407, 408, 153, 154, 411, 156, 412, 159, 161, 420, 165, 166, 422, 167, 168, 427, 173, 429, 430, 178, 180, 182, 184, 186, 189, 192, 194, 197, 198, 200, 202, 204, 208, 209, 212, 213, 215, 223, 225, 233, 242, 243, 244, 248, 249, 251, 255]
r5_l: [1, 2, 3, 8, 264, 10, 266, 12, 14, 16, 273, 275, 22, 278, 24, 280, 26, 282, 284, 286, 287, 288, 33, 289, 290, 291, 43, 299, 300, 301, 305, 307, 308, 309, 55, 56, 313, 316, 62, 68, 69, 325, 70, 71, 72, 74, 330, 75, 331, 338, 339, 345, 96, 353, 99, 355, 357, 361, 106, 367, 368, 369, 370, 372, 117, 374, 376, 378, 380, 129, 130, 386, 132, 388, 393, 395, 142, 143, 401, 405, 152, 409, 158, 415, 417, 162, 419, 169, 174, 431, 432, 179, 181, 188, 191, 195, 207, 211, 217, 219, 222, 224, 230, 231, 234, 239, 240, 241, 245, 247, 254]
r5_r: [257, 258, 259, 260, 6, 267, 271, 17, 18, 274, 276, 27, 28, 29, 30, 31, 32, 34, 35, 37, 295, 40, 42, 298, 44, 304, 49, 52, 311, 312, 57, 58, 314, 59, 315, 60, 61, 318, 319, 321, 322, 323, 324, 326, 327, 328, 329, 76, 77, 78, 334, 335, 336, 337, 83, 84, 85, 341, 86, 87, 88, 344, 90, 346, 91, 349, 97, 98, 101, 102, 103, 359, 104, 105, 107, 364, 109, 116, 118, 119, 120, 382, 128, 384, 385, 387, 133, 389, 135, 392, 139, 396, 399, 400, 402, 403, 149, 151, 407, 408, 153, 154, 411, 156, 412, 159, 161, 420, 165, 166, 422, 167, 168, 427, 173, 429, 430, 178, 180, 182, 184, 186, 189, 192, 194, 197, 198, 200, 202, 204, 208, 209, 212, 213, 215, 223, 225, 233, 242, 243, 244, 248, 249, 251, 255]
r6_l: [1, 2, 3, 262, 7, 8, 10, 266, 11, 12, 275, 278, 280, 25, 26, 282, 286, 33, 289, 290, 41, 43, 300, 307, 308, 55, 56, 313, 316, 69, 325, 71, 72, 73, 74, 330, 75, 331, 339, 345, 92, 348, 93, 94, 350, 96, 99, 355, 100, 361, 365, 366, 111, 112, 368, 369, 372, 117, 374, 377, 380, 129, 130, 386, 393, 138, 142, 143, 401, 146, 148, 404, 405, 406, 152, 410, 155, 413, 415, 416, 162, 418, 419, 164, 421, 169, 425, 426, 171, 172, 431, 181, 185, 187, 188, 195, 196, 199, 205, 206, 207, 211, 214, 217, 219, 224, 234, 240, 241, 245, 250, 252, 254]
r6_r: [0, 256, 257, 258, 259, 4, 260, 6, 267, 268, 269, 271, 17, 18, 274, 20, 276, 277, 281, 27, 283, 28, 29, 285, 30, 31, 32, 34, 35, 36, 292, 37, 293, 38, 39, 295, 40, 42, 298, 44, 45, 46, 47, 303, 304, 49, 51, 52, 311, 312, 57, 58, 314, 59, 315, 60, 61, 318, 63, 319, 65, 321, 322, 67, 323, 324, 326, 327, 328, 329, 76, 77, 78, 334, 335, 336, 337, 83, 84, 340, 85, 341, 86, 87, 88, 344, 90, 346, 91, 347, 349, 95, 352, 97, 98, 101, 102, 103, 359, 104, 105, 362, 107, 364, 109, 110, 115, 116, 118, 119, 120, 124, 125, 381, 382, 128, 384, 385, 387, 133, 389, 135, 391, 136, 392, 139, 396, 141, 399, 400, 402, 403, 149, 151, 407, 408, 153, 154, 411, 156, 412, 159, 160, 161, 420, 165, 166, 422, 167, 168, 427, 428, 173, 429, 430, 175, 178, 180, 182, 184, 186, 189, 190, 192, 194, 197, 198, 200, 202, 204, 208, 209, 212, 213, 215, 220, 223, 225, 229, 232, 233, 235, 242, 243, 244, 246, 248, 249, 251, 253, 255]
r7_l: [1, 2, 3, 5, 7, 8, 9, 10, 11, 12, 13, 14, 16, 19, 22, 23, 24, 25, 26, 33, 41, 43, 50, 55, 56, 62, 68, 69, 70, 71, 72, 73, 74, 75, 80, 82, 89, 92, 93, 94, 96, 99, 100, 106, 111, 112, 114, 117, 122, 123, 126, 127, 129, 130, 132, 137, 138, 140, 142, 143, 145, 146, 148, 152, 155, 157, 158, 162, 164, 169, 170, 171, 172, 174, 176, 179, 181, 185, 187, 188, 191, 193, 195, 196, 199, 203, 205, 206, 207, 211, 214, 216, 217, 219, 221, 222, 224, 227, 230, 231, 234, 236, 237, 239, 240, 241, 245, 247, 250, 252, 254, 262, 263, 264, 265, 266, 270, 272, 273, 275, 278, 280, 282, 284, 286, 287, 288, 289, 290, 291, 296, 297, 299, 300, 301, 305, 306, 307, 308, 309, 310, 313, 316, 325, 330, 331, 338, 339, 342, 345, 348, 350, 351, 353, 354, 355, 356, 357, 361, 365, 366, 367, 368, 369, 370, 372, 374, 376, 377, 378, 380, 383, 386, 388, 390, 393, 395, 397, 398, 401, 404, 405, 406, 409, 410, 413, 414, 415, 416, 417, 418, 419, 421, 423, 424, 425, 426, 431, 432]
r7_r: [0, 256, 257, 258, 259, 4, 260, 6, 267, 268, 269, 271, 17, 18, 274, 20, 276, 277, 281, 27, 283, 28, 29, 285, 30, 31, 32, 34, 35, 36, 292, 37, 293, 38, 39, 295, 40, 42, 298, 44, 45, 46, 47, 303, 304, 49, 51, 52, 311, 312, 57, 58, 314, 59, 315, 60, 61, 318, 63, 319, 65, 321, 322, 67, 323, 324, 326, 327, 328, 329, 76, 77, 78, 334, 335, 336, 337, 83, 84, 340, 85, 341, 86, 87, 88, 344, 90, 346, 91, 347, 349, 95, 352, 97, 98, 101, 102, 103, 359, 104, 105, 362, 107, 364, 109, 110, 115, 116, 118, 119, 120, 124, 125, 381, 382, 128, 384, 385, 387, 133, 389, 135, 391, 136, 392, 139, 396, 141, 399, 144, 400, 402, 403, 149, 151, 407, 408, 153, 154, 411, 156, 412, 159, 160, 161, 420, 165, 166, 422, 167, 168, 427, 428, 173, 429, 430, 175, 178, 180, 182, 184, 186, 189, 190, 192, 194, 197, 198, 200, 202, 204, 208, 209, 212, 213, 215, 220, 223, 225, 229, 232, 233, 235, 242, 243, 244, 246, 248, 249, 251, 253, 255]
