r1_l: [5, 262, 266, 11, 267, 15, 272, 274, 20, 22, 23, 24, 25, 31, 289, 292, 37, 38, 297, 298, 303, 306, 308, 53, 55, 320, 66, 322, 327, 329, 335, 336, 83, 86, 88, 89, 347, 349, 95, 351, 353, 99, 100, 359, 105, 106, 108, 109, 367, 113, 369, 376, 379, 380, 125, 388, 133, 390, 393, 140, 142, 148, 149, 406, 408, 154, 412, 413, 415, 163, 164, 170, 429, 176, 432, 433, 178, 185, 444, 445, 446, 447, 193, 195, 196, 452, 197, 453, 454, 456, 457, 204, 207, 209, 465, 211, 467, 215, 216, 472, 473, 477, 222, 478, 483, 233, 236, 237, 244, 248, 250]
r1_r: [1, 386, 3, 260, 7, 135, 263, 8, 137, 395, 396, 13, 397, 398, 17, 150, 153, 282, 28, 32, 161, 417, 422, 40, 43, 46, 436, 309, 314, 60, 188, 61, 65, 194, 451, 69, 74, 78, 80, 82, 213, 469, 217, 91, 92, 221, 94, 480, 98, 227, 484, 365, 240, 116, 375, 124]
r2_l: [0, 1, 2, 3, 6, 7, 8, 9, 10, 13, 14, 17, 19, 21, 26, 27, 28, 29, 30, 32, 36, 40, 42, 43, 45, 46, 47, 48, 51, 52, 54, 56, 58, 59, 60, 61, 64, 65, 68, 69, 70, 74, 75, 77, 78, 80, 81, 82, 85, 90, 91, 92, 93, 94, 97, 98, 101, 103, 104, 110, 116, 117, 118, 119, 120, 123, 124, 127, 128, 129, 131, 132, 135, 136, 137, 138, 139, 144, 145, 147, 150, 151, 153, 155, 156, 158, 161, 162, 167, 168, 172, 173, 174, 177, 179, 180, 181, 183, 184, 186, 187, 188, 190, 192, 194, 198, 199, 203, 210, 212, 213, 214, 217, 218, 219, 221, 223, 225, 226, 227, 229, 231, 235, 240, 241, 242, 249, 254, 255, 256, 258, 259, 260, 261, 263, 264, 268, 270, 271, 273, 277, 278, 279, 280, 282, 283, 285, 286, 294, 295, 296, 305, 309, 310, 311, 314, 315, 316, 317, 318, 319, 321, 324, 325, 328, 330, 332, 333, 337, 340, 343, 345, 346, 352, 354, 356, 357, 358, 360, 362, 363, 365, 366, 371, 372, 374, 375, 377, 378, 382, 384, 386, 387, 389, 395, 396, 397, 398, 401, 402, 404, 409, 411, 414, 416, 417, 419, 422, 425, 426, 427, 428, 430, 434, 435, 436, 437, 438, 442, 443, 451, 455, 458, 459, 462, 466, 469, 470, 480, 481, 482, 484, 485]
r2_r: [5, 262, 266, 11, 267, 15, 272, 18, 274, 20, 22, 23, 24, 25, 31, 289, 292, 37, 38, 297, 298, 303, 306, 308, 53, 55, 313, 320, 66, 322, 327, 329, 335, 336, 83, 339, 86, 88, 89, 347, 349, 95, 351, 353, 99, 100, 102, 359, 105, 106, 108, 109, 367, 112, 113, 369, 376, 379, 380, 125, 388, 133, 390, 393, 140, 142, 148, 149, 406, 408, 154, 412, 157, 413, 415, 163, 164, 170, 429, 176, 432, 433, 178, 185, 444, 445, 446, 447, 193, 195, 196, 452, 197, 453, 454, 456, 457, 204, 207, 209, 465, 211, 467, 215, 216, 472, 473, 477, 222, 478, 483, 233, 236, 237, 244, 248, 250]
r3_l: [5, 262, 266, 11, 267, 269, 15, 272, 18, 274, 20, 22, 23, 24, 25, 31, 288, 289, 35, 292, 37, 293, 38, 297, 298, 44, 303, 304, 306, 53, 55, 312, 313, 63, 320, 66, 322, 327, 329, 335, 336, 83, 339, 86, 88, 89, 347, 349, 95, 351, 353, 99, 100, 102, 359, 105, 106, 108, 109, 367, 112, 113, 369, 376, 379, 380, 125, 126, 130, 388, 133, 390, 393, 140, 142, 143, 148, 149, 405, 406, 407, 152, 408, 154, 412, 157, 413, 415, 163, 164, 170, 429, 175, 431, 176, 432, 433, 178, 185, 444, 445, 446, 447, 448, 193, 449, 195, 196, 452, 197, 453, 454, 456, 457, 204, 461, 207, 209, 465, 211, 467, 215, 216, 472, 473, 474, 476, 477, 222, 478, 483, 230, 233, 236, 237, 244, 245, 248, 250, 252]
r3_r: [1, 386, 3, 260, 7, 135, 263, 8, 137, 395, 396, 13, 397, 398, 17, 153, 282, 28, 32, 161, 417, 422, 40, 43, 46, 436, 309, 314, 60, 188, 61, 65, 194, 451, 69, 74, 78, 80, 82, 213, 469, 217, 91, 92, 221, 94, 480, 98, 484, 365, 240, 116, 375, 124]
r4_l: [5, 262, 11, 267, 269, 15, 16, 272, 274, 20, 22, 23, 24, 25, 31, 288, 289, 35, 292, 37, 293, 38, 39, 297, 298, 299, 44, 300, 303, 304, 49, 306, 53, 55, 57, 313, 63, 320, 66, 322, 326, 327, 72, 329, 79, 335, 336, 83, 339, 84, 341, 86, 88, 89, 347, 348, 349, 350, 95, 351, 353, 99, 100, 102, 359, 105, 106, 107, 108, 109, 112, 113, 369, 373, 376, 122, 379, 380, 125, 126, 385, 130, 388, 133, 393, 140, 142, 143, 400, 148, 149, 405, 406, 407, 152, 408, 154, 412, 157, 413, 415, 163, 164, 420, 165, 166, 423, 170, 171, 429, 175, 431, 176, 432, 433, 178, 440, 185, 444, 189, 446, 191, 447, 448, 193, 449, 450, 195, 196, 452, 197, 453, 454, 456, 201, 204, 460, 461, 206, 207, 208, 209, 465, 211, 467, 215, 471, 216, 474, 476, 477, 222, 478, 228, 230, 486, 233, 236, 237, 244, 246, 248, 250]
r4_r: [1, 386, 3, 260, 7, 135, 263, 8, 137, 395, 396, 13, 397, 17, 150, 153, 282, 28, 32, 161, 417, 422, 40, 43, 46, 436, 309, 314, 60, 188, 61, 65, 194, 451, 69, 74, 78, 80, 82, 213, 469, 217, 91, 92, 221, 94, 480, 98, 227, 484, 365, 240, 116, 375, 124]
r5_l: [4, 5, 11, 15, 16, 18, 20, 22, 23, 24, 25, 31, 35, 37, 38, 39, 44, 49, 53, 55, 57, 62, 63, 66, 67, 71, 72, 79, 83, 84, 86, 87, 88, 89, 95, 99, 100, 102, 105, 106, 107, 108, 109, 111, 112, 113, 114, 122, 125, 126, 130, 133, 140, 142, 143, 146, 148, 149, 152, 154, 157, 163, 164, 165, 166, 170, 171, 175, 176, 178, 182, 185, 189, 191, 193, 195, 196, 197, 200, 201, 204, 206, 207, 208, 209, 211, 215, 216, 222, 224, 228, 230, 233, 234, 236, 237, 238, 239, 244, 245, 246, 248, 250, 251, 252, 262, 265, 266, 267, 269, 272, 274, 288, 289, 291, 292, 293, 297, 298, 299, 300, 301, 303, 304, 306, 308, 312, 313, 320, 322, 323, 326, 327, 329, 334, 335, 336, 339, 341, 342, 347, 348, 349, 350, 351, 353, 359, 361, 364, 367, 368, 369, 370, 373, 376, 379, 380, 381, 385, 388, 390, 391, 393, 394, 400, 405, 406, 407, 408, 412, 413, 415, 420, 423, 429, 431, 432, 433, 440, 444, 445, 446, 447, 448, 449, 450, 452, 453, 454, 456, 457, 460, 461, 464, 465, 467, 468, 471, 472, 473, 474, 476, 477, 478, 483, 486]
r5_r: [1, 386, 3, 260, 7, 135, 263, 8, 137, 395, 396, 13, 397, 398, 17, 153, 282, 28, 32, 161, 417, 422, 40, 43, 46, 436, 309, 314, 60, 188, 61, 65, 194, 451, 69, 74, 78, 80, 82, 213, 469, 217, 91, 92, 221, 94, 480, 98, 484, 365, 240, 116, 375, 124]
r6_l: [4, 5, 11, 15, 16, 18, 20, 22, 23, 24, 25, 31, 34, 35, 37, 38, 39, 41, 44, 49, 50, 53, 55, 57, 62, 63, 66, 67, 71, 72, 73, 76, 79, 83, 84, 86, 87, 88, 89, 95, 96, 99, 100, 102, 105, 106, 107, 108, 109, 112, 113, 114, 122, 125, 126, 130, 133, 134, 140, 141, 142, 143, 146, 148, 149, 152, 154, 157, 160, 163, 164, 165, 166, 169, 170, 171, 175, 176, 178, 182, 185, 189, 191, 193, 195, 196, 197, 201, 202, 204, 205, 206, 207, 208, 209, 211, 215, 216, 222, 224, 228, 230, 232, 233, 234, 236, 237, 238, 239, 244, 245, 246, 247, 248, 250, 251, 252, 253, 262, 265, 266, 267, 269, 272, 274, 275, 281, 284, 288, 289, 290, 291, 292, 293, 297, 298, 299, 300, 301, 302, 303, 304, 306, 307, 312, 313, 320, 322, 323, 326, 327, 329, 331, 334, 335, 336, 338, 339, 341, 342, 344, 347, 348, 349, 350, 351, 353, 355, 359, 361, 364, 367, 368, 369, 370, 373, 376, 379, 380, 381, 383, 385, 388, 390, 391, 393, 394, 400, 405, 406, 407, 408, 410, 412, 413, 415, 418, 420, 423, 429, 431, 432, 433, 439, 440, 441, 444, 445, 446, 447, 448, 449, 450, 452, 453, 454, 456, 457, 460, 461, 465, 467, 468, 471, 472, 473, 474, 475, 476, 477, 478, 483, 486]
r6_r: [1, 386, 3, 260, 7, 135, 263, 8, 137, 395, 396, 13, 397, 17, 150, 153, 282, 28, 32, 161, 417, 422, 40, 43, 46, 436, 309, 314, 60, 188, 61, 65, 194, 451, 69, 74, 78, 80, 82, 213, 469, 217, 91, 92, 221, 94, 480, 98, 227, 484, 365, 240, 116, 375, 124]
