r1_l: [128, 129, 2, 68, 5, 136, 74, 138, 77, 14, 142, 17, 82, 146, 84, 89, 158, 97, 99, 101, 107, 44, 115, 116, 56, 120, 57, 59, 126, 127]
r1_r: [130, 3, 132, 6, 134, 8, 9, 137, 10, 15, 16, 144, 19, 147, 20, 22, 150, 152, 25, 153, 155, 156, 32, 33, 161, 34, 163, 39, 42, 46, 47, 48, 49, 50, 53, 54, 61, 62, 67, 70, 78, 81, 83, 85, 87, 90, 92, 93, 94, 96, 102, 105, 106, 108, 109, 118, 121, 123, 124]
r2_l: [130, 3, 67, 132, 6, 70, 134, 8, 9, 10, 15, 16, 144, 81, 19, 83, 20, 22, 150, 152, 25, 153, 155, 92, 93, 94, 96, 161, 34, 163, 102, 39, 105, 42, 106, 108, 46, 47, 48, 49, 50, 53, 118, 121, 123, 124, 62]
r2_r: [128, 129, 2, 131, 68, 11, 13, 77, 14, 142, 79, 17, 145, 18, 21, 23, 26, 91, 29, 30, 158, 99, 36, 101, 103, 107, 110, 115, 52, 119, 56, 120, 57, 58, 59, 126, 127]
r3_l: [0, 128, 1, 65, 129, 2, 4, 68, 5, 69, 71, 136, 74, 138, 11, 77, 145, 84, 21, 149, 86, 151, 24, 157, 95, 160, 98, 36, 164, 37, 101, 38, 167, 107, 44, 51, 52, 55, 119, 57, 58, 122, 60, 125, 126, 127]
r3_r: [133, 6, 134, 135, 8, 9, 139, 12, 141, 15, 20, 148, 22, 150, 152, 25, 153, 154, 27, 155, 28, 159, 32, 33, 34, 162, 35, 163, 166, 39, 40, 168, 42, 47, 50, 54, 63, 64, 66, 67, 73, 75, 76, 78, 83, 87, 90, 92, 93, 94, 100, 102, 104, 105, 106, 108, 109, 112, 117, 118, 121, 123, 124]
r4_l: [130, 3, 132, 133, 6, 134, 8, 9, 137, 10, 139, 15, 16, 144, 19, 147, 20, 148, 22, 150, 152, 25, 153, 154, 27, 155, 28, 156, 157, 31, 159, 32, 33, 161, 34, 162, 163, 166, 39, 40, 168, 42, 46, 47, 48, 49, 50, 53, 54, 60, 61, 62, 64, 65, 67, 70, 72, 73, 75, 78, 81, 83, 85, 87, 90, 92, 93, 94, 96, 102, 104, 105, 106, 108, 109, 117, 118, 121, 123, 124]
r4_r: [128, 1, 129, 2, 4, 68, 5, 71, 136, 138, 11, 77, 79, 17, 82, 84, 23, 151, 30, 98, 36, 37, 101, 38, 103, 167, 107, 44, 52, 55, 119, 56, 57, 58, 126, 127]
r5_l: [0, 128, 1, 129, 2, 131, 4, 5, 7, 136, 138, 11, 12, 140, 13, 141, 14, 142, 143, 17, 145, 18, 146, 21, 149, 23, 151, 26, 29, 30, 158, 160, 35, 36, 164, 37, 165, 38, 167, 41, 43, 44, 45, 51, 52, 55, 56, 57, 58, 59, 63, 66, 68, 69, 71, 74, 76, 77, 79, 80, 82, 84, 88, 89, 91, 95, 97, 98, 99, 100, 101, 103, 107, 110, 111, 112, 114, 115, 116, 119, 120, 125, 126, 127]
r5_r: [130, 3, 132, 6, 134, 8, 9, 137, 10, 15, 16, 144, 19, 147, 20, 22, 150, 152, 25, 153, 155, 156, 32, 33, 161, 34, 163, 39, 42, 46, 47, 48, 49, 50, 53, 54, 61, 62, 67, 70, 78, 81, 83, 85, 87, 90, 92, 93, 94, 96, 102, 105, 106, 108, 109, 118, 121, 123, 124]
