r1_l: [64, 128, 3, 132, 72, 9, 204, 13, 141, 79, 18, 82, 21, 214, 158, 225, 34, 226, 99, 102, 103, 169, 107, 47, 112, 50, 53, 188, 63, 127]
r1_r: [0, 1, 2, 5, 6, 8, 10, 11, 14, 15, 16, 17, 20, 22, 24, 25, 27, 28, 29, 30, 31, 32, 33, 35, 36, 37, 38, 40, 41, 42, 43, 44, 45, 46, 48, 49, 51, 52, 54, 55, 56, 57, 58, 59, 61, 62, 65, 66, 67, 70, 71, 73, 74, 75, 77, 80, 81, 84, 85, 86, 87, 88, 89, 90, 92, 94, 96, 97, 98, 100, 101, 104, 105, 106, 108, 109, 110, 111, 113, 114, 115, 116, 117, 118, 120, 121, 122, 123, 124, 125, 126, 129, 130, 135, 137, 138, 139, 140, 142, 143, 144, 145, 146, 147, 148, 149, 151, 152, 153, 154, 155, 156, 157, 159, 160, 161, 162, 164, 167, 168, 170, 171, 173, 174, 175, 176, 177, 178, 179, 180, 181, 182, 183, 184, 185, 186, 189, 190, 191, 193, 194, 195, 196, 197, 198, 199, 201, 202, 203, 205, 206, 207, 208, 209, 210, 211, 212, 213, 215, 216, 218, 219, 220, 221, 222, 223, 224, 227, 228, 229, 230, 231]
r2_l: [3, 132, 134, 7, 9, 18, 146, 148, 150, 26, 154, 158, 32, 162, 163, 36, 166, 170, 47, 50, 52, 180, 53, 181, 56, 186, 60, 188, 63, 68, 69, 199, 72, 76, 204, 78, 82, 83, 219, 225, 226, 99, 100, 103, 107, 112, 116, 119, 120, 127]
r2_r: [0, 192, 65, 129, 66, 131, 201, 10, 203, 77, 79, 207, 80, 17, 81, 211, 22, 90, 218, 28, 30, 31, 160, 224, 227, 37, 101, 104, 42, 117, 54, 118, 182, 183, 122]
r3_l: [128, 2, 3, 4, 132, 133, 6, 134, 7, 8, 9, 13, 141, 14, 18, 146, 147, 148, 21, 150, 23, 151, 153, 26, 154, 155, 158, 32, 34, 162, 163, 36, 166, 169, 170, 172, 45, 47, 175, 177, 50, 178, 52, 180, 53, 181, 56, 186, 60, 188, 63, 64, 67, 68, 69, 197, 198, 199, 72, 75, 76, 204, 78, 209, 82, 83, 85, 214, 219, 93, 95, 225, 226, 99, 100, 228, 229, 102, 103, 232, 107, 110, 112, 115, 116, 119, 120, 121, 127]
r3_r: [0, 1, 5, 10, 11, 15, 16, 17, 20, 22, 24, 27, 28, 30, 31, 33, 37, 38, 42, 43, 44, 48, 54, 58, 61, 65, 66, 70, 71, 73, 74, 77, 79, 80, 81, 87, 88, 89, 90, 92, 94, 97, 98, 101, 104, 105, 106, 108, 111, 113, 114, 117, 118, 122, 124, 125, 126, 129, 130, 131, 138, 140, 142, 143, 144, 145, 149, 152, 156, 157, 160, 161, 164, 168, 171, 173, 174, 179, 182, 183, 184, 190, 191, 192, 195, 196, 201, 202, 203, 205, 206, 207, 208, 210, 211, 215, 216, 218, 220, 224, 227, 230, 231]
r4_l: [195, 5, 71, 201, 74, 11, 205, 144, 210, 20, 149, 88, 216, 218, 27, 28, 220, 94, 31, 101, 230, 106, 43, 44, 48, 113, 179, 125, 126, 191]
r4_r: [0, 128, 192, 65, 3, 132, 9, 13, 141, 79, 209, 18, 214, 151, 154, 158, 34, 226, 99, 228, 165, 169, 170, 107, 47, 116, 53, 119, 186, 187, 63]
r5_l: [1, 5, 138, 11, 142, 15, 143, 144, 145, 20, 149, 152, 27, 28, 156, 157, 31, 159, 33, 161, 164, 40, 41, 43, 44, 46, 174, 48, 179, 185, 58, 59, 189, 191, 195, 196, 70, 71, 201, 74, 202, 205, 206, 210, 84, 87, 88, 216, 218, 92, 220, 221, 94, 222, 96, 97, 98, 101, 230, 105, 106, 108, 109, 113, 118, 124, 125, 126]
r5_r: [0, 128, 192, 65, 3, 132, 9, 13, 141, 79, 18, 214, 151, 154, 158, 32, 34, 226, 99, 228, 169, 170, 107, 172, 47, 177, 116, 53, 186, 63]
r6_l: [0, 2, 3, 7, 9, 10, 12, 13, 14, 17, 18, 19, 21, 22, 26, 30, 32, 34, 36, 39, 42, 47, 50, 52, 53, 56, 60, 63, 64, 65, 66, 68, 69, 72, 76, 77, 78, 79, 80, 81, 82, 83, 90, 91, 99, 100, 102, 103, 104, 107, 110, 112, 116, 117, 119, 120, 122, 127, 128, 131, 132, 136, 141, 146, 147, 148, 150, 151, 153, 154, 155, 158, 160, 162, 163, 165, 166, 169, 170, 175, 177, 178, 180, 181, 183, 186, 187, 188, 192, 199, 203, 204, 212, 214, 219, 224, 225, 226, 227, 228, 229]
r6_r: [1, 129, 5, 6, 135, 138, 11, 142, 15, 143, 16, 144, 145, 20, 149, 24, 152, 27, 28, 156, 29, 157, 31, 33, 161, 164, 37, 168, 43, 171, 44, 174, 48, 179, 54, 182, 184, 57, 185, 58, 61, 190, 191, 193, 194, 67, 195, 196, 197, 71, 73, 201, 74, 202, 75, 205, 206, 207, 208, 210, 211, 87, 88, 216, 89, 218, 92, 220, 94, 97, 98, 101, 230, 105, 106, 108, 109, 113, 115, 118, 121, 124, 125, 126]
r7_l: [1, 130, 5, 135, 137, 138, 11, 139, 140, 142, 15, 143, 144, 145, 20, 149, 152, 25, 27, 28, 156, 29, 157, 31, 33, 161, 35, 164, 38, 40, 41, 43, 171, 44, 173, 46, 174, 48, 176, 49, 51, 179, 55, 57, 185, 58, 59, 61, 189, 62, 191, 193, 194, 195, 196, 70, 71, 201, 74, 202, 205, 206, 207, 210, 84, 213, 86, 87, 215, 88, 216, 89, 218, 92, 220, 221, 94, 222, 223, 97, 98, 101, 230, 231, 105, 106, 108, 109, 111, 113, 114, 118, 123, 124, 125, 126]
r7_r: [0, 128, 192, 65, 3, 68, 132, 9, 13, 141, 79, 18, 214, 151, 154, 158, 32, 34, 226, 99, 228, 169, 170, 107, 47, 177, 116, 53, 186, 63]
