r1_l: [0, 2, 3, 4, 390, 74, 75, 12, 78, 210, 150, 219, 285, 225, 228, 420, 234, 235, 236, 302, 366, 304, 368, 432, 305, 242, 371, 372, 373, 311, 378, 379]
r1_r: [6, 14, 16, 18, 20, 25, 26, 27, 28, 29, 30, 32, 33, 35, 36, 37, 38, 39, 40, 42, 44, 45, 46, 47, 48, 49, 51, 53, 54, 55, 59, 60, 61, 62, 63, 65, 67, 70, 80, 81, 82, 83, 89, 90, 91, 92, 93, 94, 95, 98, 100, 101, 103, 104, 105, 106, 108, 110, 111, 116, 117, 119, 120, 121, 122, 123, 127, 128, 129, 136, 138, 139, 141, 143, 147, 152, 153, 155, 156, 158, 160, 161, 162, 165, 166, 167, 168, 172, 174, 176, 178, 179, 181, 182, 183, 185, 188, 189, 192, 194, 196, 197, 198, 199, 201, 203, 205, 211, 213, 216, 220, 229, 231, 233, 238, 239, 240, 241, 243, 245, 246, 248, 250, 251, 252, 253, 254, 262, 263, 264, 266, 269, 270, 272, 273, 275, 278, 280, 282, 288, 289, 291, 294, 298, 299, 307, 308, 309, 310, 313, 314, 316, 317, 318, 319, 321, 322, 323, 324, 330, 331, 332, 333, 334, 336, 337, 338, 341, 342, 344, 345, 347, 350, 351, 357, 359, 363, 364, 380, 382, 384, 387, 388, 389, 394, 397, 398, 399, 401, 402, 405, 406, 409, 410, 411, 416, 417, 421, 426, 427, 428, 429]
r2_l: [320, 2, 3, 133, 390, 75, 12, 76, 268, 78, 79, 271, 335, 400, 210, 277, 279, 343, 24, 154, 219, 283, 285, 31, 99, 163, 419, 102, 230, 169, 237, 301, 303, 367, 431, 304, 370, 371, 311, 57, 249, 58, 378, 187, 191, 383]
r2_r: [6, 262, 266, 269, 270, 272, 25, 26, 27, 28, 29, 30, 32, 291, 36, 294, 39, 40, 42, 299, 44, 46, 51, 307, 308, 309, 54, 310, 313, 314, 59, 60, 316, 61, 317, 62, 318, 63, 319, 321, 322, 323, 324, 330, 331, 332, 333, 334, 80, 337, 82, 338, 83, 341, 342, 344, 89, 90, 91, 347, 92, 93, 94, 350, 95, 100, 101, 357, 103, 104, 105, 106, 363, 108, 110, 117, 119, 120, 121, 122, 123, 380, 382, 128, 384, 388, 389, 136, 138, 394, 141, 397, 398, 399, 401, 402, 405, 406, 153, 409, 410, 155, 411, 156, 158, 160, 416, 417, 162, 165, 421, 166, 167, 168, 426, 172, 428, 429, 176, 178, 179, 181, 182, 183, 185, 188, 192, 194, 197, 198, 199, 201, 203, 205, 211, 213, 220, 229, 238, 239, 240, 245, 246, 250, 252, 253, 254]
r3_l: [256, 1, 2, 3, 259, 133, 261, 390, 7, 8, 10, 11, 12, 140, 271, 144, 400, 145, 274, 403, 404, 277, 23, 151, 279, 24, 408, 154, 283, 412, 157, 285, 286, 414, 31, 415, 163, 419, 420, 424, 169, 425, 43, 171, 303, 431, 304, 180, 311, 184, 57, 58, 186, 187, 190, 320, 195, 325, 72, 200, 75, 76, 77, 78, 206, 79, 207, 335, 208, 210, 212, 343, 346, 219, 348, 96, 97, 354, 99, 102, 230, 236, 237, 365, 367, 112, 113, 242, 370, 371, 372, 247, 375, 249, 383]
r3_r: [0, 4, 6, 18, 20, 25, 26, 27, 28, 29, 30, 32, 35, 36, 37, 40, 42, 44, 45, 46, 48, 49, 51, 53, 54, 59, 60, 61, 62, 63, 65, 67, 70, 74, 80, 81, 82, 83, 89, 90, 91, 92, 93, 94, 95, 98, 100, 101, 103, 104, 105, 106, 108, 110, 111, 116, 117, 119, 120, 121, 122, 123, 127, 128, 129, 136, 138, 139, 141, 143, 153, 155, 156, 158, 160, 161, 162, 165, 166, 167, 168, 172, 174, 176, 178, 179, 181, 182, 183, 185, 188, 189, 192, 194, 196, 197, 198, 199, 201, 203, 205, 211, 213, 216, 220, 225, 228, 229, 231, 235, 238, 239, 240, 241, 243, 245, 246, 248, 250, 251, 252, 253, 254, 262, 263, 264, 266, 269, 270, 272, 273, 275, 278, 280, 282, 288, 289, 291, 294, 298, 299, 307, 308, 309, 310, 313, 314, 316, 317, 318, 319, 321, 322, 323, 324, 330, 331, 332, 333, 334, 336, 337, 341, 342, 344, 345, 347, 350, 351, 357, 359, 363, 364, 379, 380, 382, 384, 387, 388, 394, 397, 398, 399, 401, 402, 405, 406, 409, 410, 411, 416, 421, 426, 427, 428, 429]
r4_l: [6, 262, 266, 269, 270, 272, 25, 26, 27, 28, 29, 30, 32, 291, 36, 294, 40, 42, 299, 44, 46, 51, 307, 308, 309, 54, 310, 313, 314, 59, 60, 316, 61, 317, 62, 318, 63, 319, 321, 322, 323, 324, 330, 331, 332, 333, 334, 80, 337, 82, 83, 341, 342, 344, 89, 90, 91, 347, 92, 93, 94, 350, 95, 100, 101, 357, 103, 104, 105, 106, 363, 108, 110, 117, 119, 120, 121, 122, 123, 380, 382, 128, 384, 388, 136, 138, 394, 141, 397, 398, 399, 401, 402, 405, 406, 153, 409, 410, 155, 411, 156, 158, 160, 416, 162, 165, 421, 166, 167, 168, 426, 172, 428, 429, 176, 178, 179, 181, 182, 183, 185, 188, 192, 194, 197, 198, 199, 201, 203, 205, 211, 213, 220, 229, 238, 239, 240, 245, 246, 250, 252, 253, 254]
r4_r: [1, 2, 3, 133, 390, 12, 268, 271, 144, 400, 274, 277, 279, 24, 154, 283, 285, 414, 31, 163, 419, 169, 43, 301, 303, 431, 304, 311, 57, 58, 187, 191, 320, 72, 75, 76, 78, 79, 335, 208, 210, 343, 219, 354, 99, 102, 230, 236, 237, 367, 242, 370, 371, 372, 249, 378, 383]
r5_l: [0, 4, 6, 18, 20, 25, 26, 27, 28, 29, 30, 32, 33, 35, 36, 37, 40, 42, 44, 45, 46, 48, 49, 51, 53, 54, 59, 60, 61, 62, 63, 65, 67, 70, 74, 80, 81, 82, 83, 89, 90, 91, 92, 93, 95, 98, 100, 101, 104, 105, 106, 108, 110, 111, 116, 117, 119, 120, 121, 122, 123, 127, 128, 129, 136, 138, 139, 141, 143, 153, 155, 156, 158, 160, 161, 162, 165, 166, 167, 168, 172, 174, 176, 178, 179, 181, 182, 183, 185, 188, 189, 192, 194, 196, 197, 198, 199, 201, 203, 205, 211, 213, 216, 220, 225, 228, 229, 231, 235, 238, 239, 240, 241, 243, 245, 246, 248, 250, 251, 252, 253, 254, 262, 263, 264, 266, 269, 270, 272, 273, 275, 278, 280, 282, 288, 289, 291, 294, 298, 299, 307, 308, 309, 310, 313, 314, 316, 317, 318, 319, 321, 322, 323, 324, 330, 331, 332, 333, 334, 336, 337, 341, 342, 344, 345, 347, 350, 351, 357, 359, 363, 364, 379, 380, 382, 384, 387, 388, 394, 397, 398, 399, 401, 402, 405, 406, 409, 410, 411, 416, 421, 426, 427, 428, 429]
r5_r: [3, 390, 200, 76, 140, 78, 206, 271, 400, 210, 212, 277, 151, 343, 154, 285, 96, 99, 163, 419, 420, 230, 425, 237, 303, 367, 431, 112, 304, 113, 371, 311, 375, 58, 383]
r6_l: [1, 2, 258, 3, 261, 8, 10, 12, 268, 15, 271, 274, 276, 21, 277, 22, 279, 24, 281, 283, 284, 285, 286, 31, 287, 34, 295, 296, 43, 300, 301, 303, 304, 305, 311, 57, 58, 315, 64, 320, 66, 325, 326, 71, 72, 328, 73, 75, 76, 78, 79, 335, 343, 352, 354, 99, 356, 102, 107, 109, 366, 367, 368, 369, 114, 370, 371, 372, 118, 376, 377, 383, 385, 132, 133, 390, 135, 392, 144, 400, 145, 146, 150, 407, 154, 414, 163, 419, 169, 173, 175, 431, 432, 177, 180, 187, 190, 191, 208, 210, 218, 219, 221, 224, 226, 227, 230, 234, 236, 237, 242, 244, 249]
r6_r: [6, 262, 266, 269, 270, 272, 25, 26, 27, 28, 29, 30, 32, 291, 36, 294, 39, 40, 42, 299, 44, 46, 51, 307, 308, 309, 54, 310, 313, 314, 59, 60, 316, 61, 317, 62, 318, 63, 319, 321, 322, 323, 324, 330, 331, 332, 333, 334, 80, 337, 82, 338, 83, 341, 342, 344, 89, 90, 91, 347, 92, 93, 94, 350, 95, 100, 101, 357, 103, 104, 105, 106, 363, 108, 110, 117, 119, 120, 121, 122, 123, 380, 382, 128, 384, 388, 389, 136, 138, 394, 141, 397, 398, 399, 401, 402, 405, 406, 153, 409, 410, 155, 411, 156, 158, 160, 416, 417, 162, 165, 421, 166, 167, 168, 426, 172, 428, 429, 176, 178, 179, 181, 182, 183, 185, 188, 192, 194, 197, 198, 199, 201, 203, 205, 211, 213, 220, 229, 238, 239, 240, 245, 246, 250, 252, 253, 254]
r7_l: [256, 1, 257, 2, 258, 3, 259, 260, 5, 261, 7, 8, 9, 265, 10, 11, 267, 12, 268, 13, 15, 271, 17, 274, 21, 277, 22, 23, 279, 24, 281, 283, 284, 285, 286, 31, 287, 34, 292, 293, 295, 296, 41, 43, 301, 302, 303, 304, 305, 306, 52, 311, 57, 58, 64, 320, 325, 326, 71, 327, 72, 73, 75, 76, 77, 78, 79, 335, 339, 84, 86, 343, 88, 346, 348, 349, 96, 352, 97, 353, 354, 99, 355, 356, 102, 362, 107, 365, 366, 367, 112, 368, 113, 370, 115, 371, 372, 118, 375, 377, 125, 381, 126, 383, 385, 130, 386, 131, 132, 133, 390, 135, 391, 393, 395, 140, 396, 142, 144, 400, 145, 146, 403, 148, 404, 149, 151, 407, 408, 154, 412, 157, 413, 414, 159, 415, 163, 419, 164, 420, 422, 423, 424, 169, 425, 170, 171, 173, 430, 431, 432, 177, 180, 184, 186, 187, 190, 191, 193, 195, 200, 204, 206, 207, 208, 210, 212, 214, 218, 219, 222, 224, 226, 227, 230, 232, 234, 236, 237, 242, 244, 247, 249]
r7_r: [0, 4, 6, 18, 20, 25, 26, 27, 28, 29, 30, 32, 35, 36, 37, 40, 42, 44, 45, 46, 48, 49, 51, 53, 54, 59, 60, 61, 62, 63, 65, 67, 70, 74, 80, 81, 82, 83, 89, 90, 91, 92, 93, 94, 95, 98, 100, 101, 103, 104, 105, 106, 108, 110, 111, 116, 117, 119, 120, 121, 122, 123, 127, 128, 129, 136, 138, 139, 141, 143, 153, 155, 156, 158, 160, 161, 162, 165, 166, 167, 168, 172, 174, 176, 178, 179, 181, 182, 183, 185, 188, 189, 192, 194, 196, 197, 198, 199, 201, 203, 205, 211, 213, 216, 220, 225, 228, 229, 231, 235, 238, 239, 240, 241, 243, 245, 246, 248, 250, 251, 252, 253, 254, 262, 263, 264, 266, 269, 270, 272, 273, 275, 278, 280, 282, 288, 289, 291, 294, 298, 299, 307, 308, 309, 310, 313, 314, 316, 317, 318, 319, 321, 322, 323, 324, 330, 331, 332, 333, 334, 336, 337, 341, 342, 344, 345, 347, 350, 351, 357, 359, 363, 364, 379, 380, 382, 384, 387, 388, 394, 397, 398, 399, 401, 402, 405, 406, 409, 410, 411, 416, 421, 426, 427, 428, 429]
