r1_l: [199, 9, 137, 267, 13, 269, 207, 272, 17, 146, 19, 275, 85, 25, 89, 157, 223, 227, 164, 229, 168, 42, 234, 109, 173, 237, 176, 118, 247, 56, 57, 252, 254]
r1_r: [0, 1, 2, 258, 4, 5, 265, 266, 11, 12, 14, 270, 16, 273, 20, 27, 28, 32, 35, 38, 39, 45, 50, 51, 53, 60, 61, 63, 64, 68, 70, 71, 73, 77, 78, 80, 81, 82, 84, 86, 87, 88, 90, 91, 92, 94, 95, 99, 101, 103, 104, 110, 113, 115, 117, 119, 121, 122, 129, 130, 135, 141, 142, 143, 151, 153, 154, 160, 162, 167, 169, 171, 174, 175, 178, 181, 183, 188, 189, 190, 191, 192, 193, 194, 195, 197, 201, 202, 205, 206, 209, 211, 213, 216, 219, 222, 225, 228, 235, 239, 243, 244, 245, 248, 251, 255]
r2_l: [256, 3, 131, 259, 134, 136, 9, 137, 138, 267, 140, 13, 269, 15, 271, 272, 17, 146, 274, 19, 275, 148, 24, 25, 157, 161, 163, 164, 168, 42, 44, 173, 46, 48, 176, 49, 180, 56, 57, 187, 198, 199, 200, 75, 207, 208, 210, 83, 85, 89, 218, 220, 223, 224, 227, 100, 229, 105, 234, 236, 109, 237, 242, 118, 246, 247, 252, 125, 126, 254, 127]
r2_r: [0, 1, 257, 2, 258, 4, 5, 261, 262, 7, 263, 8, 265, 10, 266, 11, 12, 268, 14, 270, 16, 273, 18, 20, 22, 26, 27, 28, 29, 30, 31, 32, 33, 34, 35, 36, 37, 38, 39, 40, 43, 45, 50, 51, 53, 54, 55, 58, 60, 61, 63, 64, 65, 66, 68, 70, 71, 73, 74, 76, 77, 78, 79, 80, 81, 82, 84, 86, 87, 88, 90, 91, 92, 94, 95, 96, 97, 99, 101, 102, 103, 104, 106, 107, 108, 110, 111, 112, 113, 114, 115, 116, 117, 119, 120, 121, 122, 123, 124, 129, 130, 132, 133, 135, 139, 141, 142, 143, 144, 147, 149, 150, 151, 153, 154, 155, 156, 158, 159, 160, 162, 165, 166, 167, 169, 170, 171, 172, 174, 175, 177, 178, 179, 181, 182, 183, 184, 185, 186, 188, 189, 190, 191, 192, 193, 194, 195, 196, 197, 201, 202, 203, 204, 205, 206, 209, 211, 212, 213, 214, 216, 217, 219, 221, 222, 225, 226, 228, 231, 232, 233, 235, 239, 241, 243, 244, 245, 248, 249, 250, 251, 253, 255]
r3_l: [66, 258, 132, 196, 261, 134, 7, 8, 200, 202, 266, 76, 140, 141, 270, 15, 79, 272, 209, 82, 146, 210, 147, 84, 148, 85, 22, 214, 89, 158, 31, 96, 33, 226, 39, 40, 104, 105, 174, 176, 49, 118, 119, 186, 124]
r3_r: [0, 256, 257, 3, 4, 5, 262, 263, 9, 265, 11, 267, 12, 268, 14, 271, 16, 17, 273, 18, 19, 275, 20, 24, 25, 26, 27, 28, 32, 37, 38, 42, 43, 44, 45, 46, 48, 50, 55, 59, 60, 61, 63, 65, 68, 70, 71, 74, 78, 80, 81, 83, 86, 87, 88, 90, 92, 93, 95, 97, 98, 99, 102, 103, 106, 108, 109, 110, 112, 113, 115, 116, 120, 121, 122, 123, 125, 126, 128, 129, 130, 131, 133, 135, 136, 137, 138, 139, 144, 145, 149, 150, 151, 153, 154, 155, 156, 157, 159, 160, 161, 163, 164, 165, 166, 167, 168, 169, 171, 172, 173, 175, 177, 178, 181, 183, 185, 187, 188, 189, 190, 191, 192, 193, 194, 195, 197, 198, 199, 203, 204, 206, 213, 217, 218, 219, 222, 225, 227, 228, 229, 231, 233, 234, 235, 236, 237, 239, 242, 243, 244, 245, 246, 247, 248, 250, 251, 252, 253, 254, 255]
r4_l: [1, 2, 258, 132, 261, 134, 7, 8, 266, 140, 13, 141, 142, 270, 15, 143, 272, 146, 274, 147, 148, 22, 29, 158, 31, 33, 34, 162, 35, 36, 39, 40, 41, 170, 174, 176, 49, 51, 180, 53, 54, 56, 57, 58, 186, 64, 66, 196, 200, 73, 202, 75, 76, 77, 205, 79, 209, 82, 210, 211, 84, 212, 85, 214, 216, 89, 91, 221, 94, 96, 224, 226, 100, 101, 104, 232, 105, 107, 111, 241, 114, 117, 118, 119, 124, 127]
r4_r: [0, 256, 257, 3, 4, 5, 262, 263, 9, 265, 11, 267, 12, 268, 14, 271, 16, 17, 273, 18, 19, 275, 20, 24, 25, 26, 27, 28, 32, 37, 38, 42, 43, 44, 45, 46, 48, 50, 55, 59, 60, 61, 63, 65, 68, 70, 71, 74, 78, 80, 81, 83, 86, 87, 88, 90, 92, 93, 95, 97, 98, 99, 102, 103, 106, 108, 109, 110, 112, 113, 115, 116, 120, 121, 122, 123, 125, 126, 128, 129, 130, 131, 133, 135, 136, 137, 138, 139, 144, 145, 149, 150, 151, 153, 154, 155, 156, 157, 159, 160, 161, 163, 164, 165, 166, 167, 168, 169, 171, 172, 173, 175, 177, 178, 181, 183, 185, 187, 188, 189, 190, 191, 192, 193, 194, 195, 197, 198, 199, 203, 204, 206, 213, 217, 218, 219, 222, 225, 227, 228, 229, 231, 233, 234, 235, 236, 237, 239, 242, 243, 244, 245, 246, 247, 248, 250, 251, 252, 253, 254, 255]
r5_l: [193, 2, 67, 195, 68, 69, 6, 70, 135, 73, 201, 14, 142, 273, 20, 21, 213, 86, 87, 215, 152, 91, 35, 228, 230, 169, 45, 47, 240, 178, 52, 244, 53, 117, 251, 61, 189, 62]
r5_r: [128, 256, 260, 133, 134, 262, 7, 8, 10, 139, 267, 268, 13, 15, 144, 272, 145, 18, 19, 147, 149, 150, 25, 26, 156, 29, 30, 158, 31, 159, 33, 34, 37, 165, 166, 40, 41, 43, 44, 172, 173, 48, 49, 179, 54, 182, 55, 184, 57, 58, 65, 196, 200, 74, 203, 76, 204, 79, 212, 85, 214, 217, 220, 93, 221, 223, 96, 97, 98, 226, 227, 102, 232, 233, 106, 107, 108, 114, 116, 118, 120, 249, 123, 125, 253, 254]
r6_l: [128, 256, 260, 133, 134, 262, 7, 8, 10, 139, 267, 268, 13, 15, 144, 272, 145, 18, 19, 147, 149, 150, 25, 26, 156, 29, 30, 158, 31, 159, 33, 34, 37, 165, 166, 40, 41, 43, 44, 172, 173, 48, 49, 179, 54, 182, 55, 184, 57, 58, 65, 196, 200, 74, 203, 76, 204, 79, 212, 85, 214, 217, 220, 93, 221, 223, 96, 97, 98, 226, 227, 102, 232, 233, 106, 107, 108, 114, 116, 118, 120, 249, 123, 125, 253, 254]
r6_r: [193, 2, 3, 67, 195, 68, 69, 6, 70, 72, 264, 201, 14, 273, 274, 276, 21, 213, 23, 87, 215, 152, 224, 35, 228, 230, 45, 238, 47, 240, 178, 52, 244, 53, 117, 59, 251, 61, 62, 126]
r7_l: [130, 3, 131, 4, 5, 135, 136, 264, 265, 138, 14, 16, 273, 20, 276, 21, 152, 153, 154, 27, 32, 160, 163, 169, 45, 175, 50, 178, 60, 61, 189, 62, 190, 63, 191, 193, 67, 195, 68, 69, 197, 70, 71, 213, 86, 87, 215, 88, 218, 222, 225, 99, 228, 230, 236, 240, 113, 242, 115, 244, 248, 121, 122, 251, 126, 255]
r7_r: [128, 256, 260, 133, 134, 262, 7, 8, 10, 139, 267, 268, 13, 15, 144, 272, 145, 18, 19, 147, 149, 150, 25, 26, 156, 29, 30, 158, 31, 159, 33, 34, 37, 165, 166, 40, 41, 43, 44, 172, 173, 48, 49, 179, 54, 182, 55, 184, 57, 58, 65, 196, 198, 200, 74, 203, 76, 204, 79, 212, 85, 214, 217, 220, 93, 221, 223, 96, 97, 98, 226, 227, 102, 232, 233, 106, 107, 108, 114, 116, 118, 120, 249, 123, 125, 253, 254]
