r1_l: [2, 578, 707, 841, 268, 78, 340, 725, 726, 792, 666, 348, 93, 541, 30, 288, 672, 481, 611, 36, 742, 361, 873, 683, 818, 691, 758, 634, 574, 191]
r1_r: [640, 772, 455, 395, 80, 144, 337, 722, 148, 469, 221, 609, 420, 101, 549, 231, 871, 365, 558, 622, 559, 823, 56, 824, 441, 633, 314, 698, 124, 383]
r2_l: [768, 129, 773, 646, 838, 391, 840, 330, 779, 716, 528, 785, 339, 595, 599, 541, 222, 862, 31, 415, 607, 801, 546, 742, 617, 556, 46, 431, 499, 52, 244, 632, 701, 191]
r2_r: [771, 644, 134, 264, 520, 140, 269, 15, 145, 274, 150, 535, 409, 796, 29, 285, 671, 32, 544, 34, 418, 675, 164, 38, 167, 553, 812, 559, 687, 816, 51, 564, 58, 443, 60, 572, 67, 68, 710, 331, 845, 346, 730, 731, 606, 863, 225, 226, 866, 867, 485, 747, 365, 878, 623, 369, 242, 245, 376, 249, 766, 639]
r3_l: [897, 771, 135, 460, 334, 271, 533, 789, 278, 470, 534, 216, 664, 155, 669, 229, 677, 294, 487, 429, 813, 175, 561, 753, 434, 373, 503, 249, 826, 444]
r3_r: [1, 387, 643, 391, 266, 11, 779, 652, 141, 14, 15, 16, 144, 528, 656, 401, 785, 532, 788, 277, 150, 409, 795, 415, 671, 544, 34, 418, 546, 291, 553, 682, 811, 301, 687, 815, 48, 816, 306, 690, 51, 824, 185, 60, 318, 704, 193, 321, 706, 67, 579, 836, 709, 198, 328, 840, 203, 331, 459, 716, 333, 846, 464, 339, 87, 471, 472, 345, 858, 219, 475, 220, 476, 477, 863, 354, 482, 866, 483, 867, 356, 485, 747, 236, 365, 495, 240, 369, 881, 499, 246, 376, 760, 122, 379, 383]
r4_l: [256, 768, 897, 2, 386, 515, 771, 6, 135, 775, 267, 268, 271, 405, 533, 789, 278, 534, 664, 792, 155, 541, 669, 30, 32, 416, 672, 33, 36, 677, 294, 683, 556, 813, 175, 561, 434, 818, 691, 437, 311, 826, 827, 444, 701, 190, 574, 191, 578, 834, 460, 845, 78, 334, 719, 850, 340, 725, 470, 726, 599, 216, 91, 348, 606, 223, 864, 481, 226, 611, 229, 742, 487, 361, 873, 619, 237, 496, 753, 373, 758, 503, 631, 249, 506, 634, 380, 766]
r4_r: [0, 1, 513, 5, 11, 14, 15, 16, 528, 530, 531, 532, 537, 544, 34, 546, 549, 38, 552, 41, 553, 43, 46, 559, 50, 51, 564, 566, 569, 60, 67, 68, 70, 592, 602, 607, 609, 104, 105, 618, 107, 108, 620, 622, 623, 121, 122, 123, 124, 639, 129, 642, 643, 132, 644, 134, 647, 648, 140, 652, 654, 143, 144, 656, 145, 150, 158, 671, 163, 164, 170, 682, 684, 687, 690, 180, 698, 187, 700, 192, 193, 706, 198, 710, 714, 203, 715, 208, 211, 724, 219, 731, 220, 222, 224, 747, 236, 239, 240, 242, 246, 760, 251, 253, 770, 261, 773, 263, 266, 779, 269, 783, 272, 784, 785, 274, 786, 794, 283, 795, 796, 285, 800, 291, 808, 811, 812, 301, 816, 306, 307, 819, 824, 314, 315, 317, 831, 833, 323, 836, 840, 330, 331, 332, 333, 846, 339, 855, 345, 346, 858, 351, 863, 353, 866, 867, 356, 872, 874, 365, 878, 369, 881, 882, 883, 376, 377, 379, 892, 383, 895, 387, 391, 401, 409, 422, 427, 443, 458, 459, 466, 472, 475, 476, 477, 482, 485, 486, 488, 491, 495, 499, 501]
r5_l: [385, 772, 8, 521, 140, 332, 79, 211, 347, 608, 295, 104, 43, 491, 44, 748, 110, 50, 562, 563, 308, 564, 501, 821, 55, 887, 696, 571, 699, 892, 62]
r5_r: [704, 67, 387, 266, 11, 331, 715, 333, 14, 846, 16, 144, 656, 401, 724, 788, 150, 471, 345, 409, 602, 858, 220, 415, 354, 546, 866, 163, 483, 356, 808, 811, 236, 622, 881, 499, 246, 824, 185, 122, 123, 379, 317, 318]
r6_l: [258, 389, 395, 397, 270, 398, 20, 148, 150, 409, 665, 26, 414, 545, 803, 38, 423, 299, 558, 559, 688, 820, 823, 56, 824, 698, 335, 80, 81, 722, 469, 86, 342, 856, 601, 90, 602, 604, 221, 737, 867, 100, 612, 101, 231, 747, 365, 494, 622, 372, 124, 254, 383]
r6_r: [641, 769, 645, 262, 390, 139, 651, 524, 653, 402, 19, 281, 282, 157, 287, 799, 290, 547, 37, 166, 550, 680, 438, 697, 316, 576, 450, 324, 583, 711, 839, 73, 74, 721, 468, 341, 597, 598, 344, 218, 739, 357, 232, 875, 876, 366, 879, 241, 625, 754, 374, 250, 893]
r7_l: [640, 258, 644, 389, 395, 397, 270, 398, 784, 145, 531, 20, 148, 150, 279, 409, 665, 26, 284, 158, 414, 800, 417, 545, 803, 420, 38, 423, 553, 299, 301, 558, 47, 559, 688, 820, 183, 823, 56, 824, 441, 698, 455, 462, 335, 80, 592, 848, 81, 337, 466, 594, 722, 469, 86, 342, 856, 473, 601, 90, 602, 604, 221, 609, 737, 867, 100, 612, 101, 231, 871, 872, 747, 365, 494, 622, 372, 633, 251, 635, 124, 637, 254, 383]
r7_r: [641, 514, 645, 390, 777, 526, 273, 146, 402, 790, 791, 156, 670, 799, 290, 807, 169, 297, 809, 555, 302, 686, 304, 560, 692, 309, 822, 440, 313, 697, 825, 186, 59, 576, 577, 450, 835, 711, 74, 718, 209, 465, 721, 723, 341, 598, 857, 860, 357, 749, 366, 241, 754, 627, 502, 375, 250, 893]
r8_l: [258, 515, 771, 772, 6, 775, 520, 268, 270, 784, 529, 531, 20, 533, 789, 279, 535, 280, 792, 25, 26, 284, 800, 33, 545, 803, 805, 38, 553, 299, 301, 558, 47, 559, 561, 820, 821, 823, 56, 824, 572, 574, 580, 335, 80, 848, 81, 337, 594, 86, 342, 88, 856, 601, 90, 602, 859, 604, 606, 867, 100, 612, 101, 871, 616, 361, 106, 362, 619, 365, 622, 372, 633, 889, 635, 124, 125, 637, 383, 640, 386, 644, 389, 395, 397, 398, 399, 655, 145, 148, 150, 409, 665, 666, 412, 158, 414, 417, 420, 165, 423, 175, 688, 183, 441, 698, 187, 190, 452, 197, 455, 205, 462, 463, 466, 722, 469, 473, 221, 733, 478, 737, 226, 740, 231, 747, 494, 496, 753, 245, 758, 503, 760, 251, 252, 254]
r8_r: [769, 262, 265, 777, 524, 782, 271, 19, 21, 281, 282, 27, 797, 286, 798, 287, 799, 290, 547, 36, 548, 37, 294, 550, 297, 42, 555, 45, 557, 562, 818, 309, 822, 55, 313, 571, 316, 62, 575, 576, 832, 65, 324, 583, 839, 73, 841, 74, 587, 340, 341, 597, 853, 598, 344, 857, 92, 860, 93, 349, 605, 94, 608, 98, 357, 102, 358, 360, 875, 876, 110, 366, 879, 880, 625, 371, 627, 628, 374, 888, 636, 893, 385, 641, 645, 390, 392, 393, 139, 651, 653, 142, 400, 402, 658, 404, 662, 153, 154, 157, 159, 162, 166, 680, 434, 438, 440, 696, 697, 450, 195, 196, 708, 711, 712, 202, 718, 719, 720, 721, 468, 470, 218, 732, 227, 739, 232, 746, 241, 754, 500, 505, 250, 507]
r9_l: [129, 642, 772, 5, 261, 8, 521, 140, 399, 783, 17, 530, 275, 667, 542, 420, 422, 39, 295, 43, 44, 45, 50, 562, 563, 564, 821, 55, 696, 442, 187, 571, 699, 62, 66, 455, 839, 458, 714, 332, 77, 462, 79, 211, 347, 222, 225, 609, 486, 870, 104, 488, 746, 491, 875, 108, 621, 501, 629, 630, 887, 632, 761, 892, 253]
r9_r: [1, 513, 770, 266, 11, 779, 14, 15, 16, 272, 528, 785, 786, 532, 788, 277, 794, 283, 795, 544, 800, 34, 546, 291, 552, 808, 553, 811, 301, 815, 48, 816, 306, 51, 568, 824, 315, 317, 318, 831, 321, 67, 579, 836, 328, 840, 331, 333, 846, 339, 87, 345, 602, 858, 863, 354, 866, 867, 356, 874, 365, 622, 369, 881, 882, 115, 376, 122, 123, 379, 383, 387, 643, 391, 647, 652, 141, 144, 656, 401, 659, 150, 409, 158, 415, 671, 418, 163, 682, 427, 687, 690, 180, 185, 698, 702, 704, 193, 706, 709, 198, 456, 203, 459, 715, 716, 464, 724, 471, 727, 472, 219, 475, 220, 476, 477, 483, 485, 747, 236, 495, 240, 499, 246, 760]
r10_l: [257, 897, 7, 392, 265, 202, 651, 844, 142, 334, 782, 271, 400, 850, 723, 84, 596, 470, 534, 662, 790, 215, 152, 728, 793, 411, 288, 736, 864, 355, 419, 611, 548, 229, 294, 358, 360, 425, 109, 111, 818, 631, 506, 188]
r10_r: [0, 513, 770, 269, 15, 272, 784, 274, 786, 531, 532, 794, 283, 796, 285, 544, 34, 38, 552, 808, 812, 559, 51, 307, 819, 564, 566, 824, 569, 315, 60, 831, 833, 67, 68, 331, 332, 333, 346, 602, 863, 353, 867, 618, 874, 108, 365, 622, 878, 623, 369, 881, 882, 883, 376, 123, 379, 124, 892, 383, 639, 895, 642, 134, 647, 648, 140, 652, 143, 150, 671, 163, 164, 422, 170, 427, 687, 690, 180, 698, 187, 443, 700, 192, 706, 710, 458, 714, 459, 715, 724, 475, 731, 220, 485, 486, 491, 747, 239]
r11_l: [256, 2, 515, 6, 7, 775, 265, 12, 268, 782, 271, 21, 533, 789, 534, 790, 280, 792, 25, 793, 28, 288, 33, 35, 36, 548, 805, 294, 555, 813, 49, 305, 561, 818, 311, 574, 63, 832, 580, 837, 844, 334, 82, 850, 84, 340, 596, 853, 88, 91, 348, 95, 864, 98, 355, 611, 358, 360, 616, 361, 619, 109, 111, 114, 373, 631, 888, 889, 125, 384, 897, 386, 135, 392, 651, 142, 400, 657, 662, 663, 152, 154, 155, 411, 412, 669, 159, 416, 419, 165, 680, 425, 174, 175, 434, 436, 184, 697, 188, 444, 189, 190, 197, 712, 202, 205, 719, 720, 723, 470, 215, 216, 728, 217, 733, 478, 223, 736, 740, 229, 234, 496, 753, 243, 757, 758, 503, 506, 507, 763, 252, 764, 510]
r11_r: [0, 513, 770, 269, 15, 272, 784, 274, 786, 531, 532, 794, 283, 796, 285, 544, 34, 38, 552, 808, 812, 559, 51, 307, 819, 564, 566, 824, 569, 315, 60, 831, 833, 67, 68, 331, 332, 333, 346, 602, 863, 353, 867, 618, 874, 108, 365, 622, 878, 623, 369, 881, 882, 883, 376, 123, 379, 124, 892, 383, 639, 895, 642, 134, 647, 648, 140, 652, 143, 150, 671, 163, 164, 422, 170, 427, 687, 690, 180, 698, 187, 443, 700, 192, 706, 710, 458, 714, 459, 715, 724, 475, 731, 220, 485, 486, 491, 747, 239]
r12_l: [2, 515, 6, 7, 520, 12, 21, 533, 534, 535, 25, 28, 29, 541, 31, 32, 33, 35, 36, 548, 555, 556, 49, 561, 52, 58, 572, 574, 63, 64, 578, 580, 71, 82, 84, 596, 599, 88, 89, 91, 606, 95, 98, 611, 616, 617, 619, 109, 111, 114, 626, 116, 631, 634, 125, 646, 135, 651, 142, 657, 662, 663, 152, 664, 154, 155, 669, 159, 672, 675, 165, 168, 680, 171, 683, 174, 175, 176, 184, 697, 188, 189, 701, 190, 191, 197, 712, 713, 202, 205, 719, 720, 723, 726, 215, 216, 728, 217, 730, 733, 734, 223, 736, 226, 740, 229, 742, 234, 753, 243, 756, 245, 757, 758, 249, 763, 252, 764, 766, 768, 257, 771, 775, 264, 265, 268, 782, 271, 789, 790, 280, 792, 793, 288, 801, 292, 805, 294, 813, 305, 818, 311, 312, 826, 827, 830, 832, 322, 834, 837, 838, 327, 844, 845, 334, 338, 850, 340, 853, 343, 348, 862, 864, 355, 869, 358, 360, 361, 873, 364, 877, 373, 888, 889, 380, 384, 897, 386, 388, 392, 400, 405, 411, 412, 416, 419, 425, 430, 431, 434, 437, 444, 460, 470, 478, 481, 487, 489, 490, 496, 503, 506, 507, 510]
r12_r: [0, 1, 513, 770, 5, 773, 266, 779, 269, 14, 15, 16, 272, 528, 785, 274, 530, 786, 532, 537, 794, 283, 795, 796, 285, 544, 34, 546, 291, 549, 552, 808, 41, 43, 811, 812, 46, 559, 816, 306, 51, 307, 819, 564, 566, 824, 569, 315, 60, 317, 831, 833, 67, 68, 836, 70, 840, 330, 331, 332, 333, 855, 345, 346, 858, 351, 607, 863, 353, 609, 866, 356, 104, 105, 618, 874, 107, 108, 620, 365, 622, 878, 623, 369, 881, 882, 883, 376, 121, 377, 122, 123, 379, 124, 892, 383, 639, 895, 642, 387, 643, 132, 134, 391, 647, 648, 140, 652, 654, 143, 144, 656, 401, 671, 163, 164, 422, 170, 682, 427, 687, 690, 180, 698, 443, 700, 192, 193, 706, 198, 710, 458, 714, 203, 459, 715, 208, 211, 724, 472, 219, 475, 731, 220, 476, 477, 224, 482, 485, 486, 488, 491, 236, 239, 495, 240, 242, 501, 246, 253]
r13_l: [2, 515, 6, 7, 520, 12, 525, 21, 533, 534, 535, 25, 28, 540, 29, 541, 30, 31, 32, 33, 35, 36, 548, 551, 40, 555, 556, 49, 561, 52, 567, 58, 572, 574, 63, 64, 578, 580, 581, 71, 78, 82, 84, 596, 85, 599, 88, 89, 91, 606, 95, 98, 611, 616, 617, 619, 109, 111, 112, 114, 626, 116, 631, 634, 125, 126, 127, 646, 135, 651, 142, 657, 662, 663, 152, 664, 154, 155, 156, 669, 159, 672, 675, 676, 165, 677, 168, 680, 171, 683, 173, 174, 175, 176, 691, 184, 697, 188, 189, 701, 190, 191, 703, 197, 200, 712, 713, 202, 205, 719, 720, 723, 725, 726, 215, 216, 728, 217, 730, 733, 734, 223, 736, 226, 740, 229, 741, 742, 234, 237, 751, 753, 243, 755, 756, 245, 757, 758, 249, 763, 252, 764, 766, 256, 768, 257, 771, 775, 264, 265, 267, 268, 781, 782, 271, 789, 278, 790, 280, 792, 793, 288, 801, 292, 293, 805, 294, 298, 300, 813, 305, 818, 311, 312, 826, 827, 830, 832, 322, 834, 837, 838, 327, 844, 845, 334, 338, 850, 340, 853, 343, 348, 862, 864, 355, 869, 358, 359, 360, 361, 873, 364, 877, 373, 375, 888, 889, 380, 384, 897, 386, 388, 392, 394, 400, 403, 405, 411, 412, 416, 419, 421, 425, 429, 430, 431, 432, 434, 436, 437, 444, 449, 460, 470, 478, 481, 484, 487, 489, 490, 496, 503, 506, 507, 510]
r13_r: [0, 1, 513, 770, 773, 263, 266, 11, 779, 269, 14, 15, 16, 272, 528, 784, 785, 274, 786, 531, 532, 537, 794, 283, 795, 796, 285, 544, 800, 34, 546, 291, 549, 38, 552, 808, 41, 553, 811, 812, 301, 46, 559, 816, 306, 51, 307, 819, 566, 824, 569, 314, 315, 60, 317, 831, 833, 67, 323, 68, 836, 70, 840, 330, 331, 333, 846, 592, 339, 855, 345, 346, 602, 858, 351, 607, 863, 353, 866, 867, 356, 872, 105, 618, 874, 107, 620, 365, 622, 878, 623, 369, 881, 882, 883, 376, 121, 377, 122, 123, 379, 124, 383, 639, 895, 129, 387, 643, 132, 644, 134, 391, 647, 648, 652, 654, 143, 144, 656, 145, 401, 150, 409, 158, 671, 163, 164, 422, 170, 682, 427, 684, 687, 690, 180, 698, 443, 700, 192, 193, 706, 198, 710, 203, 459, 715, 208, 466, 724, 472, 219, 475, 731, 220, 476, 477, 224, 482, 485, 747, 236, 239, 495, 240, 242, 499, 246, 760, 251]
r14_l: [771, 132, 644, 134, 520, 15, 16, 274, 532, 150, 535, 664, 409, 537, 795, 796, 29, 285, 671, 32, 544, 34, 675, 164, 38, 168, 553, 812, 559, 687, 51, 58, 443, 60, 572, 68, 836, 198, 713, 331, 460, 845, 338, 855, 346, 730, 606, 863, 226, 867, 485, 747, 236, 364, 878, 369, 245, 249, 766, 639]
r14_r: [768, 646, 838, 391, 840, 779, 716, 528, 785, 339, 595, 599, 541, 862, 31, 415, 607, 160, 801, 546, 742, 617, 556, 46, 431, 499, 52, 244, 701, 191]
r15_l: [771, 264, 520, 266, 15, 16, 274, 532, 535, 537, 795, 796, 29, 285, 32, 544, 34, 38, 40, 553, 811, 812, 559, 815, 48, 816, 51, 312, 58, 60, 572, 318, 578, 67, 323, 68, 836, 581, 70, 327, 331, 845, 78, 338, 855, 606, 863, 354, 866, 867, 356, 872, 873, 364, 878, 369, 116, 886, 122, 634, 639, 132, 644, 134, 141, 656, 150, 664, 409, 668, 671, 161, 418, 675, 164, 421, 167, 168, 171, 683, 687, 443, 704, 198, 710, 200, 713, 460, 208, 725, 726, 471, 730, 476, 477, 224, 481, 226, 483, 484, 485, 741, 490, 747, 236, 751, 240, 242, 756, 245, 249, 766]
r15_r: [768, 773, 646, 838, 391, 840, 779, 716, 528, 785, 339, 595, 599, 541, 862, 31, 415, 607, 801, 546, 742, 617, 556, 46, 431, 499, 52, 244, 701, 191]
r16_l: [1, 771, 263, 264, 520, 266, 269, 15, 16, 274, 532, 277, 535, 537, 539, 795, 796, 29, 285, 30, 543, 32, 544, 34, 292, 549, 38, 40, 41, 553, 811, 812, 303, 559, 815, 48, 816, 51, 312, 58, 826, 827, 60, 572, 318, 830, 578, 834, 67, 323, 579, 68, 836, 581, 70, 71, 327, 331, 845, 78, 846, 847, 592, 338, 87, 855, 346, 858, 606, 863, 354, 866, 867, 356, 869, 872, 873, 364, 877, 878, 623, 369, 116, 886, 122, 634, 380, 639, 643, 132, 388, 644, 134, 136, 141, 654, 144, 656, 401, 405, 150, 664, 409, 668, 671, 161, 418, 675, 164, 421, 167, 168, 171, 683, 172, 684, 173, 430, 687, 437, 443, 703, 704, 709, 198, 710, 200, 713, 203, 460, 208, 464, 725, 726, 471, 472, 730, 731, 476, 477, 224, 481, 226, 482, 483, 484, 485, 741, 487, 489, 490, 747, 236, 495, 751, 240, 242, 756, 245, 246, 249, 766]
r16_r: [768, 646, 838, 391, 328, 840, 779, 716, 528, 785, 339, 595, 599, 541, 862, 31, 415, 607, 160, 801, 546, 742, 617, 556, 46, 431, 499, 52, 244, 701, 191]
r17_l: [2, 7, 12, 526, 21, 534, 27, 28, 540, 29, 541, 30, 31, 32, 35, 36, 548, 551, 40, 42, 555, 560, 49, 52, 58, 570, 59, 63, 64, 578, 581, 582, 583, 76, 78, 82, 84, 596, 599, 89, 91, 603, 93, 605, 95, 98, 611, 102, 617, 109, 111, 114, 116, 631, 634, 646, 137, 651, 142, 657, 146, 662, 663, 152, 664, 154, 155, 669, 159, 672, 162, 675, 677, 168, 680, 171, 683, 174, 691, 184, 697, 188, 189, 191, 195, 707, 196, 712, 202, 719, 720, 723, 725, 726, 215, 216, 728, 217, 730, 734, 223, 736, 739, 229, 230, 742, 234, 237, 754, 755, 756, 757, 249, 763, 764, 766, 768, 257, 264, 265, 267, 782, 271, 278, 790, 793, 286, 799, 288, 801, 290, 293, 294, 300, 304, 305, 818, 311, 312, 826, 827, 830, 832, 322, 834, 837, 326, 838, 327, 841, 844, 845, 334, 338, 850, 340, 852, 853, 343, 348, 864, 355, 869, 358, 360, 873, 364, 877, 373, 888, 384, 897, 388, 392, 400, 411, 413, 416, 419, 425, 430, 431, 432, 434, 437, 444, 446, 449, 451, 460, 470, 481, 484, 487, 489, 490, 497, 506, 507, 510]
r17_r: [640, 129, 258, 772, 261, 389, 263, 11, 395, 397, 270, 398, 783, 144, 784, 145, 531, 20, 148, 150, 409, 665, 26, 284, 414, 545, 803, 420, 549, 38, 423, 299, 684, 558, 47, 559, 688, 50, 820, 821, 823, 56, 824, 441, 314, 698, 187, 323, 452, 455, 462, 846, 335, 80, 592, 848, 81, 337, 722, 469, 86, 342, 856, 473, 601, 90, 602, 604, 221, 222, 609, 737, 867, 100, 612, 101, 231, 871, 747, 365, 494, 622, 499, 372, 633, 124, 637, 254, 383]
r18_l: [0, 1, 513, 3, 517, 518, 7, 520, 11, 523, 12, 14, 15, 16, 531, 532, 535, 537, 539, 28, 29, 543, 544, 545, 34, 546, 35, 549, 38, 40, 552, 41, 553, 559, 48, 49, 51, 566, 567, 568, 57, 569, 58, 60, 572, 64, 67, 579, 68, 70, 71, 584, 75, 592, 81, 82, 596, 87, 88, 602, 97, 614, 616, 105, 618, 620, 622, 623, 114, 626, 115, 118, 121, 122, 123, 124, 126, 127, 639, 131, 643, 132, 644, 134, 647, 136, 648, 652, 141, 654, 143, 144, 656, 657, 659, 148, 149, 150, 663, 668, 158, 671, 161, 673, 163, 164, 678, 167, 168, 170, 171, 172, 684, 173, 685, 687, 688, 690, 180, 693, 182, 694, 185, 698, 700, 189, 702, 703, 192, 704, 193, 705, 706, 709, 198, 710, 713, 203, 715, 206, 208, 212, 724, 727, 217, 730, 219, 731, 220, 224, 235, 747, 236, 239, 240, 242, 245, 757, 246, 248, 760, 762, 251, 763, 252, 765, 770, 773, 263, 264, 776, 266, 269, 272, 784, 785, 274, 786, 788, 277, 794, 283, 795, 796, 285, 800, 289, 291, 293, 808, 299, 811, 812, 301, 303, 815, 816, 305, 306, 307, 819, 820, 824, 315, 317, 318, 830, 831, 321, 833, 322, 323, 836, 837, 327, 840, 842, 331, 333, 846, 847, 336, 849, 338, 339, 343, 855, 345, 346, 858, 861, 351, 863, 353, 354, 866, 867, 356, 872, 874, 364, 365, 877, 878, 367, 369, 881, 882, 883, 885, 886, 376, 379, 891, 383, 895, 384, 387, 388, 401, 409, 412, 415, 418, 427, 430, 431, 433, 435, 443, 447, 448, 454, 456, 459, 464, 466, 471, 472, 475, 476, 477, 478, 482, 483, 485, 489, 492, 495, 499, 511]
r18_r: [768, 646, 838, 391, 328, 840, 779, 716, 528, 785, 339, 595, 599, 541, 862, 31, 415, 607, 801, 546, 742, 617, 556, 46, 431, 499, 52, 244, 701, 191]
r19_l: [641, 645, 262, 390, 392, 265, 777, 651, 142, 782, 271, 400, 402, 662, 154, 798, 799, 290, 548, 294, 680, 555, 822, 697, 576, 832, 65, 450, 195, 583, 711, 712, 841, 74, 719, 720, 721, 340, 468, 341, 853, 470, 598, 344, 857, 218, 860, 349, 605, 98, 227, 739, 357, 102, 876, 366, 241, 754, 374, 888, 505, 250, 893]
r19_r: [643, 388, 266, 654, 15, 16, 401, 274, 530, 795, 796, 29, 671, 32, 544, 675, 164, 168, 812, 687, 564, 437, 58, 443, 64, 68, 836, 198, 710, 203, 331, 460, 845, 208, 338, 726, 855, 345, 731, 477, 863, 224, 482, 356, 488, 878, 623, 369, 756, 376, 121, 122, 639]
r20_l: [262, 265, 777, 524, 782, 271, 19, 21, 22, 281, 282, 798, 287, 799, 290, 547, 36, 548, 37, 294, 555, 45, 557, 562, 818, 822, 55, 571, 316, 62, 575, 576, 832, 65, 324, 583, 839, 73, 841, 74, 587, 340, 341, 597, 853, 598, 344, 857, 92, 860, 349, 605, 94, 608, 98, 357, 102, 875, 876, 110, 366, 879, 880, 625, 371, 627, 628, 374, 888, 636, 893, 641, 645, 390, 392, 139, 651, 653, 142, 400, 402, 658, 404, 662, 153, 154, 157, 159, 166, 680, 434, 438, 696, 697, 450, 195, 708, 711, 712, 202, 719, 720, 721, 468, 470, 218, 732, 227, 739, 232, 746, 241, 754, 500, 505, 250, 507]
r20_r: [1, 643, 388, 266, 654, 15, 16, 401, 274, 530, 795, 796, 29, 671, 544, 418, 675, 164, 39, 168, 171, 811, 687, 816, 306, 437, 58, 443, 827, 64, 578, 68, 836, 198, 710, 327, 203, 331, 460, 845, 208, 338, 211, 726, 855, 345, 477, 863, 224, 482, 356, 487, 488, 873, 490, 877, 878, 240, 242, 756, 246, 121, 122, 253, 639]
r21_l: [514, 516, 519, 8, 522, 524, 13, 525, 526, 19, 21, 22, 23, 24, 538, 27, 547, 36, 548, 37, 550, 551, 42, 555, 557, 560, 562, 563, 53, 565, 54, 55, 570, 59, 571, 61, 573, 62, 575, 576, 65, 577, 66, 69, 582, 583, 73, 74, 586, 587, 76, 588, 590, 79, 591, 593, 83, 85, 597, 598, 600, 89, 603, 92, 93, 605, 94, 608, 98, 610, 613, 102, 103, 615, 109, 110, 111, 112, 624, 113, 625, 627, 628, 629, 630, 119, 631, 120, 636, 638, 128, 641, 133, 645, 137, 649, 138, 650, 139, 651, 653, 142, 146, 658, 660, 661, 662, 151, 152, 153, 154, 156, 157, 670, 162, 674, 676, 677, 166, 680, 169, 686, 177, 178, 179, 691, 692, 695, 697, 186, 188, 194, 195, 707, 196, 708, 199, 711, 712, 201, 202, 204, 717, 718, 719, 720, 209, 721, 210, 723, 214, 215, 729, 218, 732, 734, 736, 738, 227, 739, 229, 230, 743, 232, 744, 233, 745, 746, 748, 749, 238, 750, 752, 241, 754, 755, 247, 759, 250, 255, 767, 769, 262, 774, 265, 777, 778, 781, 782, 271, 273, 787, 276, 278, 790, 791, 281, 793, 282, 797, 286, 798, 287, 799, 288, 290, 802, 294, 807, 297, 809, 298, 302, 814, 304, 818, 308, 309, 310, 822, 313, 825, 316, 829, 319, 320, 832, 835, 324, 325, 326, 839, 841, 843, 844, 340, 852, 341, 853, 854, 344, 857, 347, 860, 349, 350, 352, 864, 865, 357, 358, 360, 363, 875, 876, 366, 879, 880, 371, 884, 374, 375, 887, 888, 378, 890, 381, 893, 894, 896, 385, 897, 898, 899, 390, 392, 393, 396, 400, 402, 403, 404, 411, 413, 419, 424, 425, 426, 429, 434, 438, 440, 445, 446, 450, 451, 457, 461, 465, 467, 468, 470, 497, 502, 505, 506, 507]
r21_r: [768, 129, 773, 646, 838, 391, 840, 330, 779, 716, 528, 785, 339, 595, 599, 541, 222, 862, 31, 415, 607, 801, 546, 742, 617, 556, 46, 431, 499, 52, 244, 632, 701, 191]
r22_l: [514, 516, 519, 8, 9, 10, 522, 524, 13, 525, 526, 527, 18, 19, 21, 22, 534, 23, 24, 538, 27, 547, 36, 548, 37, 550, 551, 42, 554, 555, 45, 557, 560, 562, 563, 53, 565, 54, 55, 570, 59, 571, 61, 573, 62, 575, 576, 65, 577, 66, 69, 582, 583, 72, 73, 585, 74, 586, 587, 76, 588, 589, 590, 79, 591, 593, 83, 84, 85, 597, 598, 600, 89, 603, 92, 93, 605, 94, 96, 608, 98, 610, 99, 611, 613, 102, 103, 615, 109, 110, 111, 112, 624, 113, 625, 627, 628, 629, 630, 119, 631, 120, 636, 638, 128, 641, 133, 645, 137, 649, 138, 650, 139, 651, 653, 142, 146, 658, 147, 660, 661, 662, 151, 152, 153, 154, 156, 157, 670, 159, 162, 674, 676, 677, 166, 680, 169, 686, 177, 689, 178, 179, 691, 692, 695, 696, 697, 186, 188, 194, 195, 707, 196, 708, 199, 711, 712, 201, 202, 204, 717, 718, 719, 720, 209, 721, 210, 723, 213, 214, 215, 729, 218, 732, 734, 736, 738, 227, 739, 229, 230, 743, 232, 744, 233, 745, 746, 748, 749, 238, 750, 752, 241, 754, 755, 247, 759, 250, 255, 767, 257, 769, 259, 260, 262, 774, 265, 777, 778, 780, 781, 782, 271, 273, 787, 276, 278, 790, 791, 281, 793, 282, 797, 286, 798, 287, 799, 288, 290, 802, 804, 294, 807, 296, 297, 809, 298, 810, 302, 814, 304, 818, 308, 309, 310, 822, 313, 825, 316, 828, 829, 319, 320, 832, 835, 324, 325, 326, 839, 841, 843, 844, 334, 850, 851, 340, 852, 341, 853, 854, 344, 857, 347, 860, 349, 350, 352, 864, 865, 357, 358, 870, 360, 363, 875, 876, 366, 879, 368, 880, 371, 884, 374, 375, 887, 888, 378, 890, 381, 893, 382, 894, 896, 385, 897, 898, 899, 390, 392, 393, 394, 396, 400, 402, 403, 404, 406, 408, 410, 411, 413, 419, 424, 425, 426, 428, 429, 432, 434, 438, 439, 440, 445, 446, 450, 451, 453, 457, 461, 465, 467, 468, 470, 479, 480, 493, 497, 500, 502, 505, 506, 507, 510]
r22_r: [768, 129, 773, 646, 838, 391, 840, 330, 779, 716, 528, 785, 339, 595, 599, 541, 222, 862, 31, 415, 607, 801, 546, 742, 617, 556, 46, 431, 499, 52, 244, 632, 701, 191]
