r1_l: [1, 2, 3, 259, 132, 260, 6, 134, 7, 263, 136, 392, 139, 12, 268, 17, 402, 403, 404, 405, 278, 406, 280, 153, 282, 411, 156, 412, 29, 158, 33, 417, 34, 426, 43, 427, 429, 46, 174, 302, 49, 180, 309, 55, 439, 188, 316, 317, 63, 319, 64, 193, 68, 452, 73, 330, 76, 460, 79, 81, 339, 84, 213, 87, 217, 92, 93, 221, 349, 95, 96, 99, 483, 106, 110, 239, 240, 369, 114, 372, 118, 121, 380, 381, 255]
r1_r: [5, 262, 10, 266, 267, 14, 270, 22, 24, 25, 26, 32, 289, 292, 38, 39, 296, 297, 303, 307, 308, 56, 58, 65, 322, 324, 69, 327, 329, 332, 336, 337, 338, 85, 88, 90, 91, 352, 97, 354, 100, 356, 101, 104, 360, 105, 111, 370, 374, 122, 379, 382, 385, 130, 386, 394, 395, 140, 142, 399, 400, 148, 149, 154, 413, 415, 160, 161, 421, 422, 168, 424, 177, 179, 435, 437, 185, 446, 192, 448, 194, 195, 196, 453, 454, 199, 455, 457, 458, 204, 462, 207, 209, 211, 468, 215, 216, 472, 473, 476, 477, 482, 232, 235, 236, 242, 246, 248, 250]
r2_l: [1, 2, 3, 259, 260, 6, 7, 263, 9, 12, 268, 17, 273, 276, 278, 279, 280, 282, 29, 33, 34, 37, 43, 46, 302, 49, 306, 51, 309, 54, 55, 316, 317, 63, 319, 64, 68, 73, 74, 330, 76, 333, 79, 81, 339, 84, 342, 87, 347, 92, 93, 349, 350, 95, 96, 99, 361, 106, 110, 369, 114, 372, 117, 118, 121, 380, 125, 381, 132, 134, 136, 392, 139, 402, 403, 404, 405, 406, 153, 411, 156, 412, 158, 417, 163, 425, 170, 426, 427, 429, 174, 180, 438, 183, 439, 184, 187, 188, 193, 452, 198, 459, 460, 464, 210, 213, 217, 219, 221, 225, 483, 485, 239, 240, 255]
r2_r: [5, 262, 10, 266, 267, 269, 14, 270, 271, 18, 22, 24, 25, 26, 32, 289, 292, 38, 39, 296, 297, 303, 305, 307, 308, 56, 312, 313, 58, 314, 65, 322, 324, 69, 327, 329, 332, 336, 337, 338, 85, 343, 88, 90, 91, 352, 97, 354, 100, 356, 101, 102, 104, 360, 105, 109, 111, 370, 374, 122, 123, 379, 382, 127, 385, 130, 386, 394, 395, 140, 142, 399, 400, 148, 149, 154, 413, 415, 160, 161, 420, 421, 422, 168, 424, 175, 176, 177, 179, 435, 437, 185, 446, 447, 192, 448, 449, 194, 195, 196, 453, 454, 199, 455, 457, 458, 204, 462, 207, 209, 211, 468, 215, 216, 472, 473, 476, 477, 222, 482, 232, 235, 236, 242, 246, 248, 250]
r3_l: [0, 1, 2, 3, 6, 7, 8, 9, 12, 13, 16, 17, 19, 21, 23, 27, 28, 29, 30, 31, 33, 34, 37, 41, 43, 45, 46, 48, 49, 50, 51, 54, 55, 57, 59, 62, 63, 64, 68, 71, 72, 73, 74, 76, 79, 81, 82, 84, 87, 92, 93, 94, 95, 96, 99, 103, 106, 108, 110, 114, 115, 116, 117, 118, 121, 124, 125, 126, 128, 132, 133, 134, 135, 136, 138, 139, 144, 145, 147, 151, 153, 156, 158, 159, 163, 165, 170, 172, 174, 178, 180, 181, 182, 183, 184, 186, 187, 188, 191, 193, 197, 198, 200, 210, 212, 213, 214, 217, 218, 219, 221, 223, 225, 226, 230, 239, 240, 247, 254, 255, 259, 260, 261, 263, 264, 268, 272, 273, 274, 276, 278, 279, 280, 282, 283, 285, 286, 294, 295, 302, 306, 309, 311, 316, 317, 318, 319, 320, 321, 323, 326, 328, 330, 333, 334, 339, 342, 344, 347, 349, 350, 355, 357, 359, 361, 362, 363, 365, 366, 369, 371, 372, 376, 377, 380, 381, 383, 388, 390, 392, 393, 398, 402, 403, 404, 405, 406, 408, 409, 411, 412, 417, 419, 423, 425, 426, 427, 429, 432, 433, 434, 436, 438, 439, 441, 444, 445, 452, 456, 459, 460, 464, 467, 480, 481, 483, 484, 485]
r3_r: [5, 262, 10, 266, 267, 269, 14, 270, 271, 18, 22, 24, 25, 26, 32, 289, 292, 38, 39, 296, 297, 303, 305, 307, 308, 56, 312, 313, 58, 314, 65, 322, 324, 69, 327, 329, 332, 336, 337, 338, 85, 343, 88, 90, 91, 352, 97, 354, 100, 356, 101, 102, 104, 360, 105, 109, 111, 370, 374, 122, 123, 379, 382, 127, 385, 130, 386, 394, 395, 140, 142, 399, 400, 148, 149, 154, 413, 415, 160, 161, 420, 421, 422, 168, 424, 175, 176, 177, 179, 435, 437, 185, 446, 447, 192, 448, 449, 194, 195, 196, 453, 454, 199, 455, 457, 458, 204, 462, 207, 209, 211, 468, 215, 216, 472, 473, 476, 477, 222, 482, 232, 235, 236, 242, 246, 248, 250]
r4_l: [385, 4, 137, 267, 396, 269, 14, 18, 149, 22, 154, 413, 32, 289, 164, 420, 38, 40, 301, 47, 175, 177, 179, 52, 185, 313, 58, 60, 190, 66, 450, 196, 69, 453, 457, 75, 204, 205, 80, 209, 466, 83, 340, 468, 341, 216, 472, 345, 474, 351, 482, 228, 233, 107, 237, 111, 378, 252, 382]
r4_r: [1, 2, 3, 259, 260, 6, 7, 263, 12, 268, 17, 273, 278, 279, 280, 282, 29, 33, 34, 43, 46, 302, 49, 309, 55, 316, 317, 63, 319, 64, 68, 73, 330, 76, 79, 81, 339, 84, 87, 347, 92, 93, 349, 350, 95, 96, 99, 361, 106, 110, 369, 114, 372, 118, 121, 380, 381, 132, 134, 136, 392, 139, 398, 402, 403, 404, 405, 150, 406, 153, 411, 156, 412, 158, 416, 417, 426, 427, 429, 174, 180, 439, 187, 188, 193, 452, 198, 460, 464, 213, 470, 217, 221, 479, 227, 483, 239, 240, 255]
r5_l: [5, 262, 10, 267, 269, 14, 270, 15, 271, 22, 24, 25, 26, 32, 288, 289, 36, 292, 293, 38, 39, 40, 296, 297, 42, 298, 299, 47, 303, 305, 307, 52, 56, 313, 58, 314, 60, 65, 322, 67, 324, 69, 327, 329, 332, 80, 336, 337, 338, 340, 85, 86, 343, 88, 345, 90, 91, 351, 352, 97, 353, 354, 100, 356, 101, 102, 104, 105, 107, 109, 111, 370, 374, 120, 122, 378, 123, 379, 382, 127, 385, 130, 386, 391, 137, 394, 140, 142, 143, 399, 400, 148, 149, 407, 152, 154, 413, 414, 415, 160, 161, 162, 164, 420, 421, 422, 168, 424, 169, 171, 173, 430, 175, 176, 177, 179, 435, 437, 185, 189, 190, 446, 192, 448, 449, 194, 450, 195, 451, 196, 453, 454, 199, 455, 457, 202, 204, 461, 206, 462, 207, 463, 208, 209, 211, 468, 215, 471, 216, 474, 475, 476, 477, 222, 228, 486, 232, 235, 236, 242, 246, 248, 250]
r5_r: [1, 2, 3, 259, 132, 260, 6, 134, 7, 263, 136, 392, 139, 12, 268, 17, 273, 402, 403, 404, 405, 278, 406, 279, 280, 153, 282, 411, 156, 412, 29, 158, 33, 417, 34, 426, 43, 427, 429, 46, 174, 302, 49, 180, 309, 55, 439, 187, 188, 316, 317, 63, 319, 64, 193, 68, 452, 198, 73, 330, 76, 460, 79, 464, 81, 339, 84, 213, 87, 217, 347, 92, 93, 221, 349, 350, 95, 96, 99, 483, 361, 106, 110, 239, 240, 369, 114, 372, 118, 121, 380, 381, 255]
r6_l: [4, 5, 10, 14, 15, 22, 24, 25, 26, 32, 36, 38, 39, 40, 42, 44, 47, 52, 56, 58, 60, 65, 66, 67, 69, 70, 75, 77, 78, 80, 83, 85, 86, 88, 89, 90, 91, 97, 100, 101, 102, 104, 105, 107, 109, 111, 112, 120, 122, 123, 127, 130, 137, 140, 141, 142, 143, 146, 148, 149, 152, 154, 160, 161, 162, 164, 168, 169, 171, 173, 175, 176, 177, 179, 185, 189, 190, 192, 194, 195, 196, 199, 202, 203, 204, 205, 206, 207, 208, 209, 211, 215, 216, 222, 224, 228, 232, 233, 235, 236, 237, 238, 242, 244, 245, 246, 248, 249, 250, 251, 262, 265, 267, 269, 270, 271, 275, 284, 288, 289, 290, 292, 293, 296, 297, 298, 299, 300, 301, 303, 305, 307, 313, 314, 322, 324, 325, 327, 329, 331, 332, 335, 336, 337, 338, 340, 341, 343, 345, 351, 352, 353, 354, 356, 364, 368, 370, 373, 374, 375, 378, 379, 382, 385, 386, 387, 389, 391, 394, 396, 399, 400, 401, 407, 413, 414, 415, 420, 421, 422, 424, 430, 435, 437, 446, 448, 449, 450, 451, 453, 454, 455, 457, 461, 462, 463, 468, 471, 474, 475, 476, 477, 482, 486]
r6_r: [1, 2, 3, 259, 132, 260, 6, 134, 7, 263, 136, 392, 139, 12, 268, 17, 273, 402, 403, 404, 405, 278, 406, 279, 280, 153, 282, 411, 156, 412, 29, 158, 33, 417, 34, 426, 43, 427, 429, 46, 174, 302, 49, 180, 309, 55, 439, 187, 188, 316, 317, 63, 319, 64, 193, 68, 452, 198, 73, 330, 76, 460, 79, 464, 81, 339, 84, 213, 87, 217, 347, 92, 93, 221, 349, 350, 95, 96, 99, 483, 361, 106, 110, 239, 240, 369, 114, 372, 118, 121, 380, 381, 255]
r7_l: [4, 5, 10, 14, 15, 18, 22, 24, 25, 26, 32, 35, 36, 38, 39, 40, 42, 44, 47, 52, 53, 56, 58, 60, 65, 66, 67, 69, 70, 75, 77, 78, 80, 83, 85, 86, 88, 89, 90, 91, 97, 98, 100, 101, 102, 104, 105, 107, 109, 111, 112, 120, 122, 123, 127, 130, 131, 137, 140, 141, 142, 143, 146, 148, 149, 152, 154, 157, 160, 161, 162, 164, 167, 168, 169, 171, 173, 175, 176, 177, 179, 185, 189, 190, 192, 194, 195, 196, 199, 201, 202, 203, 204, 205, 206, 207, 208, 209, 211, 215, 216, 222, 224, 228, 231, 232, 233, 235, 236, 237, 238, 242, 243, 244, 245, 246, 248, 249, 250, 251, 252, 253, 262, 265, 266, 267, 269, 270, 271, 275, 281, 284, 288, 289, 290, 291, 292, 293, 296, 297, 298, 299, 300, 301, 303, 304, 305, 307, 308, 312, 313, 314, 322, 324, 325, 327, 329, 331, 332, 335, 336, 337, 338, 340, 341, 343, 345, 346, 348, 351, 352, 353, 354, 356, 358, 360, 364, 367, 368, 370, 373, 374, 375, 378, 379, 382, 385, 386, 387, 389, 391, 394, 395, 396, 399, 400, 401, 407, 413, 414, 415, 418, 420, 421, 422, 424, 430, 435, 437, 442, 443, 446, 447, 448, 449, 450, 451, 453, 454, 455, 457, 458, 461, 462, 463, 465, 466, 468, 469, 471, 472, 473, 474, 475, 476, 477, 482, 486]
r7_r: [1, 2, 3, 259, 260, 6, 7, 263, 12, 268, 17, 273, 278, 279, 280, 282, 29, 33, 34, 43, 46, 302, 49, 309, 55, 316, 317, 63, 319, 64, 68, 73, 330, 76, 79, 81, 339, 84, 87, 347, 92, 93, 349, 350, 95, 96, 99, 361, 106, 110, 369, 114, 372, 118, 121, 380, 381, 132, 134, 136, 392, 139, 398, 402, 403, 404, 405, 150, 406, 153, 411, 156, 412, 158, 416, 417, 166, 426, 427, 429, 174, 180, 439, 187, 188, 193, 452, 198, 460, 464, 213, 470, 217, 221, 479, 227, 483, 239, 240, 255]
