r1_l: [193, 194, 196, 70, 198, 199, 9, 139, 203, 12, 142, 80, 210, 148, 150, 215, 217, 155, 220, 95, 98, 164, 167, 43, 52, 56, 184, 185, 123, 61]
r1_r: [0, 1, 2, 3, 4, 5, 6, 8, 10, 13, 16, 19, 20, 21, 23, 24, 25, 27, 28, 29, 30, 31, 32, 35, 36, 38, 39, 44, 45, 46, 47, 48, 49, 51, 53, 54, 60, 63, 64, 65, 66, 67, 69, 71, 72, 74, 76, 77, 78, 79, 81, 82, 85, 86, 91, 92, 94, 96, 97, 99, 102, 104, 107, 109, 110, 111, 112, 113, 114, 115, 116, 118, 119, 120, 121, 125, 128, 129, 132, 134, 137, 138, 140, 141, 144, 145, 146, 147, 152, 154, 156, 159, 160, 161, 163, 165, 166, 168, 171, 173, 174, 175, 177, 179, 180, 181, 182, 187, 188, 190, 191, 195, 197, 200, 201, 204, 208, 211, 212, 213, 214, 219, 221, 222]
r2_l: [131, 133, 135, 136, 9, 11, 139, 12, 142, 18, 148, 22, 150, 151, 155, 157, 162, 164, 167, 40, 169, 42, 43, 50, 52, 55, 56, 184, 57, 185, 58, 186, 61, 62, 193, 194, 196, 70, 198, 199, 73, 202, 75, 203, 80, 210, 83, 84, 87, 215, 217, 90, 218, 220, 95, 98, 106, 117, 123, 124]
r2_r: [0, 1, 2, 3, 4, 5, 6, 7, 8, 10, 13, 14, 16, 17, 19, 20, 21, 23, 24, 25, 27, 28, 29, 30, 31, 32, 34, 35, 36, 37, 38, 39, 41, 44, 45, 46, 47, 48, 49, 51, 53, 54, 60, 63, 64, 65, 66, 67, 69, 71, 72, 74, 76, 77, 78, 79, 81, 82, 85, 86, 88, 89, 91, 92, 93, 94, 96, 97, 99, 102, 104, 107, 109, 110, 111, 112, 113, 114, 115, 116, 118, 119, 120, 121, 125, 128, 129, 130, 132, 134, 137, 138, 140, 141, 144, 145, 146, 147, 152, 154, 156, 158, 159, 160, 161, 163, 165, 166, 168, 171, 173, 174, 175, 176, 177, 179, 180, 181, 182, 183, 187, 188, 190, 191, 195, 197, 200, 201, 204, 205, 206, 208, 209, 211, 212, 213, 214, 216, 219, 221, 222]
r3_l: [130, 131, 133, 7, 135, 136, 9, 139, 12, 142, 143, 17, 18, 20, 148, 149, 150, 26, 155, 158, 162, 35, 36, 164, 167, 40, 41, 42, 43, 46, 176, 50, 178, 52, 55, 183, 56, 184, 185, 58, 60, 61, 189, 62, 192, 193, 194, 196, 69, 70, 198, 199, 73, 202, 203, 205, 206, 207, 80, 209, 210, 215, 88, 89, 217, 220, 93, 95, 98, 101, 103, 108, 116]
r3_r: [65, 2, 66, 6, 72, 201, 11, 76, 78, 144, 81, 19, 211, 212, 213, 86, 23, 153, 27, 28, 156, 221, 30, 222, 96, 160, 100, 39, 169, 172, 109, 181, 54, 182, 190, 63, 127, 191]
r4_l: [65, 2, 66, 195, 132, 6, 71, 72, 10, 76, 77, 78, 144, 19, 147, 211, 212, 85, 23, 153, 27, 91, 28, 30, 222, 31, 159, 39, 170, 109, 174, 47, 175, 114, 53, 119, 122, 188, 190, 63, 127, 191]
r4_r: [129, 193, 194, 69, 198, 199, 9, 202, 139, 203, 12, 142, 206, 80, 17, 18, 20, 215, 155, 220, 93, 95, 162, 36, 167, 41, 43, 176, 52, 116, 56, 184, 57, 58, 61, 62]
r5_l: [2, 4, 132, 134, 8, 10, 11, 141, 144, 145, 19, 147, 21, 23, 153, 154, 27, 28, 30, 31, 159, 160, 166, 39, 169, 170, 172, 174, 47, 175, 48, 179, 53, 181, 182, 187, 190, 63, 191, 65, 66, 195, 71, 72, 74, 75, 76, 77, 78, 79, 208, 81, 211, 212, 85, 218, 91, 92, 221, 222, 96, 99, 100, 104, 112, 113, 114, 119, 121, 122, 124, 125, 126, 127]
r5_r: [129, 193, 194, 69, 198, 199, 9, 139, 203, 12, 142, 206, 80, 17, 18, 20, 215, 155, 220, 95, 162, 36, 167, 41, 43, 46, 176, 52, 116, 56, 184, 57, 58, 123, 61, 62]
r6_l: [1, 2, 3, 4, 5, 6, 8, 10, 11, 13, 19, 21, 23, 25, 27, 28, 29, 30, 31, 39, 44, 45, 47, 48, 53, 54, 63, 65, 66, 67, 71, 72, 74, 75, 76, 77, 78, 79, 81, 82, 85, 86, 87, 91, 92, 96, 99, 100, 102, 104, 107, 109, 111, 112, 113, 114, 119, 121, 122, 124, 125, 126, 127, 128, 132, 134, 137, 141, 144, 145, 146, 147, 152, 153, 154, 156, 159, 160, 163, 165, 166, 168, 169, 170, 172, 174, 175, 177, 179, 180, 181, 182, 187, 188, 190, 191, 195, 197, 200, 201, 204, 208, 211, 212, 218, 219, 221, 222]
r6_r: [0, 129, 130, 133, 7, 136, 9, 139, 12, 14, 142, 15, 143, 17, 18, 20, 148, 149, 150, 26, 155, 158, 33, 34, 162, 35, 36, 164, 37, 167, 40, 41, 43, 173, 46, 176, 178, 52, 183, 56, 184, 57, 185, 58, 59, 60, 61, 189, 62, 64, 192, 193, 194, 68, 196, 69, 70, 198, 199, 73, 202, 203, 205, 206, 207, 80, 209, 210, 215, 88, 216, 89, 217, 220, 93, 95, 98, 101, 103, 105, 108, 116, 120, 123]
