r1_l: [128, 3, 261, 135, 201, 74, 12, 142, 15, 17, 273, 274, 85, 149, 213, 151, 88, 89, 98, 228, 103, 41, 42, 50, 179, 183, 56, 120, 57, 127]
r1_r: [0, 1, 257, 2, 259, 260, 5, 6, 262, 7, 263, 8, 264, 265, 11, 267, 268, 13, 14, 270, 16, 18, 19, 21, 22, 23, 26, 27, 28, 29, 30, 31, 32, 33, 34, 35, 36, 37, 38, 39, 40, 44, 46, 48, 51, 52, 53, 54, 55, 58, 60, 61, 62, 63, 64, 65, 66, 67, 68, 69, 70, 72, 73, 75, 76, 77, 78, 80, 81, 82, 84, 86, 87, 90, 91, 92, 93, 94, 95, 97, 99, 100, 101, 102, 104, 105, 107, 108, 109, 110, 111, 112, 113, 114, 115, 116, 117, 118, 119, 121, 122, 123, 125, 131, 133, 134, 136, 138, 141, 143, 144, 145, 146, 147, 150, 152, 153, 154, 155, 156, 157, 158, 160, 162, 163, 164, 168, 169, 171, 172, 173, 174, 175, 178, 180, 181, 182, 184, 185, 186, 187, 188, 189, 191, 192, 193, 194, 195, 196, 197, 198, 202, 203, 204, 205, 206, 207, 208, 211, 212, 214, 215, 216, 217, 218, 219, 221, 222, 224, 226, 227, 229, 230, 232, 233, 235, 236, 237, 238, 242, 243, 244, 246, 247, 250, 251, 252, 253, 254, 255]
r2_l: [256, 130, 258, 135, 9, 139, 12, 269, 142, 15, 271, 17, 273, 275, 20, 149, 24, 25, 159, 165, 166, 167, 42, 170, 43, 45, 47, 176, 49, 50, 179, 183, 56, 57, 190, 199, 200, 201, 209, 85, 213, 88, 89, 220, 225, 231, 106, 234, 239, 241, 120, 248, 249, 126]
r2_r: [0, 1, 257, 2, 259, 260, 5, 262, 7, 263, 8, 264, 265, 11, 267, 268, 13, 14, 270, 16, 18, 19, 21, 23, 26, 27, 28, 29, 30, 31, 32, 33, 34, 35, 36, 37, 38, 39, 40, 44, 46, 51, 53, 54, 55, 58, 60, 61, 63, 64, 65, 66, 69, 70, 72, 73, 75, 76, 77, 78, 80, 81, 82, 84, 86, 87, 90, 91, 92, 93, 94, 95, 97, 99, 100, 101, 102, 104, 105, 107, 108, 109, 110, 111, 112, 113, 114, 115, 116, 117, 118, 119, 121, 122, 123, 125, 131, 133, 134, 136, 138, 141, 143, 144, 145, 146, 147, 150, 152, 153, 154, 155, 157, 158, 160, 162, 163, 164, 168, 169, 171, 172, 173, 174, 175, 178, 180, 181, 182, 184, 185, 186, 187, 188, 189, 191, 192, 193, 194, 195, 196, 197, 198, 202, 203, 204, 205, 206, 207, 208, 211, 212, 214, 215, 216, 217, 218, 221, 222, 224, 226, 227, 229, 230, 232, 233, 236, 237, 238, 243, 244, 246, 247, 250, 251, 252, 253, 254, 255]
r3_l: [260, 133, 262, 7, 135, 8, 12, 268, 142, 143, 17, 273, 149, 150, 23, 151, 31, 33, 39, 40, 42, 174, 50, 179, 189, 66, 197, 201, 75, 203, 78, 82, 211, 84, 85, 213, 215, 88, 89, 218, 94, 102, 230, 103, 108, 117, 120, 125, 255]
r3_r: [0, 256, 1, 257, 258, 259, 4, 5, 263, 264, 9, 265, 10, 266, 267, 13, 14, 270, 16, 272, 18, 19, 275, 20, 21, 22, 24, 25, 27, 28, 32, 37, 38, 43, 45, 46, 47, 49, 55, 59, 60, 61, 62, 63, 65, 67, 68, 69, 70, 73, 77, 80, 81, 83, 86, 87, 90, 92, 93, 97, 100, 101, 105, 106, 107, 110, 111, 113, 114, 115, 116, 121, 122, 123, 124, 130, 131, 132, 134, 136, 137, 138, 139, 140, 146, 147, 153, 154, 155, 156, 157, 158, 160, 161, 163, 164, 165, 166, 167, 169, 170, 171, 173, 175, 176, 177, 178, 180, 181, 184, 186, 188, 190, 191, 192, 193, 194, 195, 196, 198, 199, 200, 204, 208, 212, 217, 219, 220, 223, 224, 227, 229, 232, 233, 234, 235, 236, 238, 239, 240, 241, 242, 243, 245, 246, 247, 248, 249, 250, 252, 253, 254]
r4_l: [128, 2, 3, 260, 133, 262, 7, 135, 8, 11, 12, 268, 142, 15, 143, 144, 17, 145, 273, 274, 149, 150, 23, 151, 29, 31, 33, 34, 35, 36, 39, 40, 41, 42, 172, 174, 50, 51, 179, 53, 54, 182, 183, 56, 57, 185, 58, 189, 64, 66, 197, 72, 201, 74, 75, 203, 76, 78, 206, 82, 211, 84, 85, 213, 214, 215, 88, 216, 89, 218, 91, 221, 94, 98, 226, 99, 228, 102, 230, 103, 104, 108, 109, 237, 112, 244, 117, 118, 119, 120, 251, 125, 127, 255]
r4_r: [0, 256, 1, 257, 258, 259, 4, 5, 263, 264, 9, 265, 10, 267, 13, 269, 14, 270, 16, 272, 18, 19, 275, 20, 21, 24, 25, 26, 27, 28, 32, 37, 38, 43, 44, 45, 46, 47, 49, 55, 59, 60, 61, 63, 65, 69, 70, 73, 77, 79, 80, 81, 83, 86, 87, 90, 92, 93, 95, 96, 97, 100, 101, 105, 106, 107, 110, 111, 113, 114, 115, 116, 121, 122, 123, 124, 126, 129, 130, 131, 132, 134, 136, 137, 138, 139, 140, 141, 146, 147, 148, 152, 153, 154, 155, 157, 158, 159, 160, 162, 163, 164, 165, 166, 167, 168, 169, 170, 171, 173, 175, 176, 178, 180, 181, 184, 186, 188, 190, 191, 192, 193, 194, 195, 196, 198, 199, 200, 204, 205, 208, 212, 217, 220, 222, 223, 224, 227, 229, 231, 232, 233, 234, 236, 238, 239, 240, 241, 243, 245, 246, 247, 248, 249, 250, 252, 253, 254]
r5_l: [64, 192, 193, 67, 68, 196, 69, 6, 198, 72, 136, 202, 76, 207, 16, 144, 146, 21, 22, 86, 217, 27, 91, 219, 156, 221, 32, 35, 227, 233, 171, 235, 46, 111, 48, 113, 242, 52, 53, 181, 118, 61, 253]
r5_r: [256, 129, 130, 261, 200, 9, 139, 12, 269, 15, 79, 17, 273, 275, 20, 148, 85, 149, 88, 25, 159, 231, 41, 106, 234, 43, 176, 241, 179, 56, 120, 57]
r6_l: [65, 259, 134, 263, 264, 73, 11, 204, 141, 270, 19, 147, 152, 216, 26, 154, 29, 222, 95, 34, 162, 226, 163, 36, 100, 37, 168, 232, 105, 44, 172, 236, 109, 238, 175, 112, 116, 244, 54, 55, 121, 58, 123, 252, 254]
r6_r: [257, 3, 4, 5, 6, 10, 267, 268, 14, 271, 16, 272, 18, 274, 21, 24, 27, 32, 35, 38, 39, 42, 46, 47, 51, 52, 53, 59, 60, 61, 63, 64, 67, 68, 69, 70, 72, 74, 76, 80, 81, 83, 86, 87, 89, 91, 97, 98, 103, 107, 111, 113, 114, 115, 117, 118, 122, 124, 127, 128, 132, 136, 137, 138, 140, 142, 144, 146, 151, 155, 157, 158, 164, 165, 166, 167, 170, 171, 177, 178, 181, 192, 193, 194, 196, 198, 202, 203, 206, 207, 208, 209, 210, 213, 217, 220, 221, 223, 227, 228, 229, 233, 239, 240, 243, 245, 247, 248, 250, 253]
r7_l: [257, 5, 6, 136, 138, 267, 268, 14, 16, 144, 18, 146, 21, 22, 27, 155, 156, 157, 158, 32, 35, 164, 38, 39, 171, 46, 48, 178, 51, 52, 53, 181, 60, 61, 62, 63, 64, 192, 193, 194, 67, 68, 196, 69, 70, 198, 72, 202, 203, 76, 206, 207, 80, 208, 81, 86, 87, 217, 91, 219, 221, 97, 227, 229, 233, 107, 235, 111, 113, 114, 242, 115, 243, 117, 118, 247, 122, 250, 253]
r7_r: [256, 129, 130, 261, 200, 9, 139, 12, 269, 15, 79, 17, 273, 275, 20, 148, 85, 149, 88, 25, 159, 231, 41, 106, 234, 43, 176, 241, 179, 56, 120, 57]
