r1_l: [3, 132, 69, 133, 6, 7, 71, 135, 137, 77, 81, 145, 83, 20, 85, 95, 100, 164, 37, 106, 46, 120, 58, 59, 60, 124, 125, 62, 126, 127]
r1_r: [2, 4, 8, 9, 10, 11, 14, 15, 17, 19, 21, 22, 23, 25, 27, 28, 29, 30, 31, 32, 34, 35, 36, 41, 42, 43, 44, 45, 47, 48, 49, 51, 52, 55, 56, 61, 63, 64, 65, 66, 68, 70, 73, 76, 78, 79, 84, 86, 88, 89, 90, 91, 92, 93, 94, 96, 97, 99, 101, 103, 104, 105, 107, 108, 109, 110, 112, 113, 114, 116, 117, 119, 121, 122, 123, 128, 130, 131, 134, 136, 139, 140, 141, 143, 144, 146, 148, 149, 150, 151, 152, 153, 155, 156, 158, 159, 161, 163, 165, 166, 167]
r2_l: [0, 1, 3, 132, 5, 133, 7, 135, 137, 138, 13, 142, 145, 147, 20, 24, 26, 154, 157, 160, 33, 162, 164, 37, 38, 40, 46, 53, 54, 57, 58, 59, 60, 62, 67, 69, 71, 72, 74, 75, 77, 80, 81, 82, 83, 85, 87, 95, 98, 100, 102, 106, 111, 118, 120, 124, 125, 126, 127]
r2_r: [130, 131, 4, 134, 8, 10, 11, 141, 14, 144, 17, 146, 19, 148, 149, 22, 23, 151, 152, 25, 153, 27, 156, 29, 30, 158, 159, 32, 34, 35, 163, 36, 166, 167, 41, 42, 44, 48, 49, 51, 52, 55, 56, 63, 64, 65, 66, 68, 70, 73, 76, 78, 79, 84, 86, 88, 92, 93, 94, 96, 99, 101, 103, 104, 105, 107, 108, 110, 115, 116, 117, 121, 122, 123]
r3_l: [129, 130, 4, 70, 8, 12, 17, 18, 82, 146, 84, 148, 149, 22, 152, 25, 153, 27, 92, 94, 158, 159, 32, 34, 35, 39, 104, 41, 107, 44, 108, 110, 48, 49, 50, 51, 52, 117, 56, 122]
r3_r: [128, 1, 3, 132, 5, 133, 7, 135, 136, 137, 139, 140, 13, 142, 15, 143, 16, 147, 20, 21, 150, 24, 26, 155, 28, 31, 164, 37, 38, 40, 43, 45, 46, 47, 54, 57, 58, 59, 60, 61, 69, 71, 74, 80, 83, 85, 89, 91, 97, 98, 100, 102, 106, 112, 113, 118, 119, 124, 125, 126, 127]
r4_l: [3, 132, 5, 7, 135, 136, 137, 138, 139, 140, 13, 14, 143, 16, 145, 19, 20, 21, 151, 155, 28, 163, 36, 164, 37, 167, 42, 46, 47, 54, 58, 59, 60, 61, 62, 65, 67, 68, 69, 71, 77, 78, 79, 81, 83, 85, 89, 90, 97, 100, 106, 109, 113, 114, 115, 116, 119, 120, 124, 125, 126, 127]
r4_r: [129, 130, 4, 6, 134, 8, 10, 11, 12, 141, 17, 18, 146, 148, 149, 22, 23, 152, 25, 153, 27, 158, 159, 32, 34, 162, 35, 166, 39, 41, 44, 48, 49, 50, 51, 52, 55, 56, 63, 64, 70, 73, 82, 84, 86, 88, 92, 93, 94, 96, 101, 104, 105, 107, 108, 110, 117, 121, 122, 123]
r5_l: [128, 1, 129, 2, 131, 4, 134, 8, 9, 10, 12, 141, 15, 144, 17, 18, 146, 147, 148, 22, 24, 152, 25, 153, 26, 154, 27, 29, 157, 30, 158, 31, 159, 160, 33, 161, 34, 35, 38, 166, 39, 40, 45, 48, 49, 50, 51, 52, 53, 55, 57, 63, 64, 66, 72, 73, 74, 75, 76, 82, 84, 88, 91, 92, 94, 96, 98, 99, 101, 102, 103, 104, 105, 107, 110, 111, 112, 117, 121]
r5_r: [130, 3, 132, 5, 6, 7, 135, 136, 137, 138, 11, 139, 140, 13, 14, 143, 16, 145, 19, 20, 21, 23, 151, 155, 28, 156, 32, 163, 36, 164, 37, 167, 41, 42, 44, 46, 47, 54, 56, 58, 59, 60, 61, 62, 65, 67, 68, 69, 70, 71, 77, 78, 79, 81, 83, 85, 89, 90, 97, 100, 106, 109, 113, 114, 115, 116, 119, 120, 122, 123, 124, 125, 126, 127]
