r1_l: [128, 129, 194, 131, 132, 5, 71, 10, 140, 205, 14, 15, 79, 81, 21, 213, 157, 97, 226, 227, 101, 102, 106, 47, 111, 50, 53, 61, 62, 190]
r1_r: [1, 3, 4, 6, 7, 8, 9, 11, 12, 13, 16, 18, 19, 20, 22, 23, 26, 27, 30, 31, 32, 33, 35, 36, 37, 39, 42, 45, 52, 54, 56, 59, 63, 64, 65, 66, 67, 69, 74, 75, 77, 78, 80, 82, 84, 85, 87, 89, 90, 92, 93, 96, 99, 100, 103, 109, 114, 117, 118, 119, 120, 121, 126, 127, 130, 133, 134, 136, 141, 145, 146, 147, 148, 149, 151, 152, 153, 154, 159, 161, 162, 163, 164, 165, 169, 170, 172, 176, 178, 179, 180, 181, 182, 183, 185, 186, 188, 189, 192, 199, 200, 201, 202, 204, 209, 210, 211, 215, 216, 217, 220, 224, 228, 229, 230]
r2_l: [4, 133, 70, 136, 201, 12, 210, 211, 84, 148, 22, 215, 154, 28, 92, 31, 224, 163, 100, 164, 165, 230, 39, 181, 54, 182, 119, 184, 185, 59, 126]
r2_r: [128, 65, 130, 194, 3, 131, 132, 69, 72, 73, 11, 203, 205, 142, 79, 16, 208, 81, 147, 213, 86, 24, 217, 35, 227, 36, 37, 106, 118, 183, 56, 57, 61, 62]
r3_l: [4, 8, 12, 13, 141, 18, 20, 148, 22, 23, 151, 26, 154, 27, 28, 31, 33, 161, 163, 164, 165, 39, 181, 54, 182, 184, 185, 186, 59, 189, 66, 70, 200, 201, 202, 76, 78, 207, 82, 210, 211, 85, 87, 215, 89, 90, 92, 93, 96, 224, 100, 228, 230, 103, 114, 119, 126, 127]
r3_r: [0, 128, 130, 3, 132, 7, 10, 11, 140, 14, 142, 16, 145, 19, 147, 149, 24, 152, 157, 32, 160, 35, 36, 37, 170, 47, 50, 178, 179, 53, 183, 56, 57, 188, 61, 62, 190, 63, 192, 65, 194, 69, 199, 72, 73, 79, 208, 81, 213, 217, 97, 226, 99, 227, 101, 229, 102, 109]
r4_l: [128, 129, 3, 132, 5, 8, 10, 140, 14, 15, 16, 145, 146, 147, 20, 21, 149, 152, 153, 154, 157, 32, 161, 35, 36, 164, 169, 170, 47, 176, 50, 178, 179, 52, 53, 183, 56, 188, 61, 62, 190, 192, 66, 67, 69, 71, 201, 205, 81, 213, 217, 220, 97, 225, 226, 99, 227, 101, 229, 102, 230, 106, 109, 111, 117]
r4_r: [64, 1, 193, 2, 130, 194, 131, 137, 11, 204, 77, 79, 80, 19, 22, 89, 218, 30, 94, 159, 228, 103, 104, 105, 42, 180, 54, 118, 121, 185, 124, 63]
r5_l: [130, 4, 133, 6, 134, 7, 8, 136, 9, 12, 13, 141, 16, 18, 19, 20, 148, 22, 23, 151, 24, 26, 154, 27, 155, 28, 31, 159, 33, 162, 163, 36, 164, 37, 165, 39, 167, 169, 172, 45, 179, 181, 54, 182, 183, 184, 185, 59, 60, 189, 64, 65, 66, 67, 70, 199, 72, 200, 73, 201, 74, 202, 75, 76, 204, 77, 78, 207, 80, 209, 82, 210, 211, 84, 85, 87, 215, 216, 89, 217, 90, 92, 93, 96, 224, 100, 228, 230, 103, 231, 114, 119, 120, 121, 126, 127]
r5_r: [128, 1, 130, 3, 132, 7, 10, 11, 140, 14, 142, 16, 17, 145, 19, 147, 149, 150, 24, 152, 157, 32, 160, 35, 36, 37, 170, 47, 175, 50, 178, 179, 52, 53, 183, 56, 57, 188, 61, 62, 190, 63, 192, 65, 194, 69, 198, 199, 72, 73, 79, 208, 81, 213, 217, 94, 95, 97, 226, 99, 227, 101, 229, 102, 107, 109]
r6_l: [195, 68, 196, 138, 139, 83, 88, 25, 219, 29, 221, 222, 223, 34, 38, 40, 168, 232, 171, 108, 173, 46, 110, 174, 49, 113, 177, 115, 55, 58]
r6_r: [128, 1, 131, 132, 5, 71, 10, 14, 79, 81, 213, 152, 153, 220, 94, 32, 97, 225, 226, 35, 227, 101, 102, 42, 106, 170, 111, 176, 52, 180, 117, 188, 61, 190]
r7_l: [0, 137, 12, 142, 143, 144, 17, 18, 150, 27, 155, 28, 156, 29, 31, 160, 33, 163, 43, 171, 44, 175, 48, 51, 57, 187, 193, 195, 68, 197, 70, 198, 73, 203, 76, 206, 210, 83, 85, 86, 87, 218, 91, 219, 92, 221, 95, 96, 100, 231, 104, 232, 105, 107, 112, 124, 125, 126, 127]
r7_r: [192, 1, 129, 194, 132, 5, 69, 10, 140, 13, 14, 79, 149, 213, 152, 220, 157, 32, 97, 226, 229, 106, 170, 47, 178, 53, 117, 188, 61, 63]
