r1_l: [128, 192, 195, 68, 196, 69, 72, 200, 10, 202, 139, 13, 208, 145, 18, 147, 84, 214, 215, 152, 26, 219, 93, 96, 164, 101, 40, 104, 42, 108, 174, 176, 49, 114, 51, 53, 119, 183, 58, 186, 188, 191]
r1_r: [0, 129, 5, 137, 12, 142, 17, 19, 22, 150, 154, 155, 30, 158, 159, 37, 38, 167, 169, 170, 171, 46, 48, 50, 179, 180, 54, 55, 56, 184, 60, 62, 190, 64, 66, 197, 71, 206, 79, 81, 212, 213, 88, 90, 94, 222, 95, 97, 99, 100, 102, 106, 109, 113, 116, 117, 118, 122, 126]
r2_l: [128, 130, 131, 134, 135, 8, 10, 139, 140, 13, 145, 18, 146, 147, 20, 152, 153, 26, 156, 160, 33, 34, 162, 35, 164, 165, 39, 40, 41, 42, 45, 174, 176, 49, 51, 53, 181, 182, 183, 57, 58, 186, 59, 188, 191, 192, 195, 68, 196, 69, 199, 72, 200, 202, 203, 204, 78, 207, 208, 209, 84, 214, 215, 219, 93, 221, 96, 101, 104, 108, 114, 119]
r2_r: [0, 1, 2, 3, 5, 7, 9, 12, 14, 17, 19, 22, 23, 27, 28, 29, 30, 37, 38, 43, 44, 46, 48, 50, 54, 55, 56, 60, 62, 63, 64, 65, 66, 71, 73, 74, 76, 79, 80, 81, 82, 85, 87, 88, 90, 92, 94, 95, 97, 98, 99, 100, 102, 103, 106, 109, 110, 111, 112, 113, 116, 117, 118, 120, 122, 126, 127, 129, 133, 137, 138, 141, 142, 143, 144, 148, 149, 150, 151, 154, 155, 158, 159, 161, 166, 167, 170, 171, 175, 177, 179, 180, 184, 185, 189, 190, 197, 201, 205, 206, 210, 211, 212, 213, 218, 220, 222]
r3_l: [128, 130, 4, 6, 135, 8, 136, 10, 139, 12, 140, 145, 18, 146, 147, 148, 21, 24, 152, 25, 26, 154, 156, 32, 160, 33, 34, 162, 36, 164, 165, 39, 167, 42, 170, 45, 174, 176, 179, 180, 53, 181, 183, 57, 186, 59, 188, 61, 194, 67, 196, 69, 199, 72, 200, 202, 203, 204, 77, 206, 79, 207, 208, 209, 84, 86, 215, 216, 220, 93, 221, 96, 98, 101, 104, 105, 108, 114, 115, 119, 123, 124, 125]
r3_r: [64, 1, 193, 132, 70, 7, 71, 74, 11, 75, 210, 19, 83, 211, 85, 150, 217, 27, 91, 157, 30, 222, 31, 163, 168, 107, 44, 172, 173, 47, 178, 52, 121, 187, 60, 189, 126, 190]
r4_l: [64, 193, 2, 132, 71, 74, 75, 12, 141, 210, 19, 83, 21, 150, 23, 217, 27, 91, 28, 157, 30, 158, 31, 168, 173, 52, 121, 60, 125, 189, 126, 190, 63]
r4_r: [128, 192, 131, 195, 68, 196, 134, 199, 200, 10, 139, 203, 13, 78, 18, 20, 84, 214, 152, 153, 219, 93, 221, 96, 160, 34, 35, 164, 40, 41, 42, 45, 174, 49, 114, 51, 53, 182, 57, 58, 186, 59, 191]
r5_l: [2, 3, 132, 133, 9, 138, 11, 12, 141, 14, 143, 19, 21, 150, 23, 151, 27, 28, 157, 30, 158, 31, 38, 167, 168, 170, 172, 173, 47, 177, 178, 179, 52, 180, 185, 60, 189, 190, 63, 64, 65, 193, 70, 71, 73, 74, 75, 76, 77, 205, 206, 79, 80, 210, 83, 211, 86, 216, 217, 91, 92, 220, 222, 97, 98, 102, 107, 111, 112, 117, 120, 121, 123, 124, 125, 126]
r5_r: [128, 195, 196, 134, 199, 200, 10, 139, 203, 13, 18, 20, 84, 214, 152, 153, 93, 221, 96, 160, 34, 35, 164, 40, 42, 45, 174, 49, 114, 51, 53, 182, 57, 58, 186, 59, 191]
r6_l: [1, 2, 3, 5, 9, 11, 12, 19, 21, 22, 23, 27, 28, 29, 30, 31, 38, 43, 44, 47, 52, 56, 60, 63, 64, 66, 70, 71, 73, 74, 75, 76, 77, 79, 81, 82, 83, 85, 87, 88, 90, 91, 92, 97, 98, 102, 103, 106, 109, 112, 113, 116, 117, 120, 121, 123, 124, 125, 126, 127, 132, 133, 137, 138, 141, 142, 143, 144, 148, 149, 150, 151, 155, 157, 158, 167, 168, 170, 172, 173, 175, 177, 179, 180, 185, 189, 190, 193, 197, 201, 205, 206, 210, 211, 213, 216, 217, 218, 220, 222]
r6_r: [128, 195, 196, 199, 200, 10, 139, 203, 13, 18, 20, 84, 214, 152, 221, 96, 160, 164, 42, 45, 174, 49, 114, 51, 53, 54, 182, 58, 186, 59, 191]
