r1_l: [197, 198, 10, 203, 13, 205, 207, 208, 210, 150, 214, 24, 216, 153, 26, 90, 94, 158, 223, 32, 35, 101, 230, 179, 180, 118, 182, 55, 183, 126]
r1_r: [128, 131, 4, 8, 11, 139, 15, 16, 144, 17, 145, 22, 151, 152, 25, 155, 36, 165, 38, 40, 41, 174, 176, 49, 177, 52, 181, 54, 57, 186, 188, 191, 64, 65, 68, 196, 72, 82, 212, 217, 219, 226, 99, 227, 229, 102, 103, 107, 111, 116, 120]
r2_l: [5, 7, 10, 140, 13, 19, 147, 20, 24, 153, 26, 158, 31, 32, 160, 161, 35, 37, 170, 179, 182, 55, 183, 184, 187, 61, 198, 199, 73, 203, 77, 205, 79, 208, 83, 85, 214, 215, 88, 216, 90, 93, 94, 95, 223, 228, 101, 230, 104, 232, 113, 118, 121, 126, 127]
r2_r: [64, 128, 192, 65, 129, 67, 131, 4, 202, 12, 78, 206, 15, 81, 209, 82, 212, 21, 22, 151, 152, 217, 155, 219, 28, 156, 224, 34, 99, 227, 36, 165, 229, 38, 103, 40, 42, 107, 174, 49, 52, 181, 54, 120, 186, 190]
r3_l: [64, 128, 192, 65, 3, 131, 11, 139, 15, 16, 82, 212, 22, 25, 155, 97, 225, 226, 99, 227, 165, 38, 102, 103, 107, 111, 49, 52, 54, 188]
r3_r: [0, 1, 2, 4, 5, 6, 7, 8, 9, 10, 12, 13, 14, 17, 18, 19, 20, 21, 23, 24, 26, 27, 28, 29, 30, 31, 32, 33, 34, 35, 36, 37, 39, 40, 41, 42, 43, 44, 45, 46, 47, 48, 50, 51, 53, 55, 56, 57, 58, 59, 60, 61, 62, 63, 66, 67, 68, 69, 70, 71, 72, 73, 74, 75, 76, 77, 78, 79, 80, 81, 83, 84, 85, 86, 87, 88, 89, 90, 91, 92, 93, 94, 95, 96, 98, 100, 101, 104, 105, 106, 108, 109, 110, 112, 113, 114, 115, 116, 117, 118, 119, 120, 121, 122, 123, 124, 125, 126, 127, 129, 130, 132, 133, 134, 135, 136, 137, 138, 140, 141, 142, 143, 144, 145, 146, 147, 148, 149, 150, 151, 152, 153, 154, 156, 157, 158, 159, 160, 161, 162, 163, 164, 166, 167, 168, 169, 170, 171, 172, 173, 174, 175, 176, 177, 178, 179, 180, 181, 182, 183, 184, 185, 186, 187, 189, 190, 191, 193, 194, 195, 196, 197, 198, 199, 200, 201, 202, 203, 204, 205, 206, 207, 208, 209, 210, 211, 213, 214, 215, 216, 217, 218, 219, 220, 221, 222, 223, 224, 228, 229, 230, 231, 232]
r4_l: [128, 131, 4, 8, 9, 11, 139, 15, 16, 144, 17, 145, 22, 23, 151, 152, 25, 153, 155, 158, 161, 36, 165, 38, 167, 40, 41, 174, 176, 49, 177, 52, 180, 181, 54, 57, 186, 187, 188, 61, 191, 64, 65, 68, 196, 69, 70, 198, 72, 82, 212, 217, 219, 93, 225, 226, 99, 227, 229, 102, 103, 107, 113, 116, 120, 121]
r4_r: [192, 1, 129, 66, 67, 74, 202, 12, 13, 205, 78, 80, 209, 216, 26, 90, 156, 160, 224, 97, 34, 164, 101, 104, 46, 178, 179, 182, 55, 183, 126]
r5_l: [5, 6, 8, 9, 10, 13, 14, 17, 19, 20, 21, 23, 24, 26, 27, 28, 30, 31, 32, 35, 37, 41, 42, 44, 55, 61, 62, 67, 68, 69, 70, 73, 74, 75, 76, 77, 78, 79, 81, 83, 85, 88, 90, 91, 93, 94, 95, 101, 104, 113, 118, 119, 120, 121, 126, 127, 129, 132, 133, 135, 140, 147, 150, 153, 154, 156, 159, 160, 161, 162, 164, 167, 170, 177, 179, 180, 181, 182, 183, 187, 196, 197, 198, 199, 200, 202, 203, 205, 207, 208, 209, 210, 214, 215, 216, 217, 223, 224, 228, 230, 232]
r5_r: [0, 128, 129, 3, 131, 4, 8, 11, 139, 141, 142, 15, 143, 144, 17, 145, 18, 146, 21, 22, 151, 152, 25, 155, 28, 157, 36, 165, 40, 168, 41, 42, 173, 46, 174, 176, 49, 177, 50, 181, 54, 57, 186, 59, 188, 191, 192, 65, 66, 194, 195, 68, 196, 72, 200, 201, 74, 75, 204, 206, 80, 209, 82, 212, 87, 217, 219, 97, 225, 98, 226, 99, 227, 229, 102, 103, 105, 106, 107, 111, 120, 124, 125]
r6_l: [130, 71, 136, 137, 138, 211, 213, 86, 218, 220, 29, 221, 222, 96, 163, 100, 166, 231, 43, 172, 45, 110, 175, 112, 114, 51, 115, 56, 60, 63]
r6_r: [128, 1, 3, 132, 5, 133, 6, 135, 9, 10, 12, 14, 15, 144, 147, 22, 150, 23, 151, 152, 25, 27, 30, 159, 161, 162, 36, 38, 167, 40, 168, 170, 44, 178, 180, 186, 187, 188, 61, 191, 69, 197, 70, 198, 199, 76, 79, 207, 80, 82, 210, 83, 212, 215, 91, 219, 93, 95, 223, 97, 226, 102, 103, 232, 107, 111, 116, 119]
r7_l: [0, 128, 2, 131, 4, 11, 139, 12, 141, 15, 143, 145, 18, 146, 149, 22, 151, 155, 157, 33, 38, 39, 40, 168, 169, 43, 171, 173, 176, 49, 50, 52, 54, 57, 58, 188, 189, 64, 192, 65, 193, 194, 195, 71, 72, 201, 204, 80, 212, 87, 92, 222, 226, 99, 229, 102, 103, 106, 108, 110, 112, 114, 123, 125]
r7_r: [203, 77, 205, 208, 19, 20, 85, 24, 88, 216, 153, 26, 90, 94, 158, 31, 32, 160, 35, 164, 228, 37, 230, 104, 113, 179, 118, 182, 55, 183, 121, 127]
