r1_l: [1, 257, 2, 258, 387, 132, 6, 134, 7, 136, 265, 12, 397, 270, 398, 399, 16, 400, 401, 277, 150, 278, 279, 408, 282, 155, 29, 413, 158, 32, 33, 420, 422, 425, 43, 300, 173, 46, 48, 178, 308, 54, 438, 311, 185, 186, 316, 61, 317, 62, 318, 191, 67, 451, 196, 72, 331, 459, 77, 463, 80, 81, 209, 83, 339, 212, 469, 86, 216, 345, 347, 348, 94, 95, 97, 98, 483, 100, 356, 101, 235, 108, 236, 237, 365, 368, 113, 117, 376, 377, 253]
r1_r: [4, 260, 264, 10, 266, 267, 268, 13, 271, 17, 273, 20, 22, 24, 25, 26, 31, 287, 38, 294, 39, 295, 301, 303, 305, 56, 313, 314, 63, 321, 323, 68, 328, 330, 332, 336, 337, 338, 87, 89, 91, 92, 349, 355, 102, 358, 103, 105, 109, 110, 366, 112, 369, 114, 371, 375, 378, 123, 124, 381, 382, 127, 130, 389, 394, 139, 395, 141, 146, 147, 151, 409, 154, 411, 159, 415, 160, 416, 417, 167, 174, 175, 431, 176, 177, 434, 435, 183, 445, 190, 446, 447, 192, 448, 193, 194, 452, 197, 453, 454, 456, 457, 203, 461, 206, 208, 466, 211, 217, 476, 477, 225, 482, 228, 231, 232, 240, 245, 247]
r2_l: [1, 257, 2, 258, 6, 7, 9, 265, 12, 269, 270, 16, 275, 277, 278, 279, 280, 282, 29, 32, 33, 292, 37, 293, 43, 300, 46, 48, 304, 50, 308, 53, 54, 311, 316, 61, 317, 62, 318, 67, 72, 73, 331, 77, 333, 80, 81, 83, 339, 86, 342, 345, 347, 348, 93, 94, 95, 97, 98, 100, 356, 101, 357, 108, 365, 368, 113, 117, 119, 376, 377, 122, 125, 387, 132, 134, 136, 138, 397, 398, 399, 400, 401, 150, 408, 155, 413, 158, 162, 419, 420, 422, 169, 425, 428, 173, 178, 436, 181, 182, 438, 185, 186, 444, 191, 451, 196, 458, 459, 463, 209, 212, 469, 214, 216, 220, 483, 485, 235, 236, 237, 238, 253]
r2_r: [4, 260, 263, 264, 10, 266, 267, 268, 13, 271, 17, 273, 20, 22, 24, 25, 26, 31, 287, 38, 294, 39, 295, 301, 303, 305, 307, 56, 312, 313, 314, 63, 321, 323, 68, 328, 330, 332, 336, 337, 338, 87, 89, 91, 92, 349, 355, 102, 358, 103, 105, 109, 110, 366, 112, 369, 114, 371, 375, 378, 123, 124, 381, 382, 127, 130, 389, 394, 139, 395, 141, 146, 147, 151, 409, 154, 411, 159, 415, 160, 416, 417, 167, 174, 175, 431, 176, 177, 434, 435, 183, 445, 190, 446, 447, 192, 448, 193, 194, 452, 197, 453, 454, 456, 457, 203, 461, 206, 208, 466, 211, 472, 217, 476, 477, 225, 482, 228, 231, 232, 240, 245, 247]
r3_l: [1, 257, 2, 258, 261, 6, 7, 8, 9, 265, 12, 269, 270, 16, 272, 275, 277, 278, 279, 280, 282, 27, 28, 29, 30, 32, 33, 292, 37, 293, 43, 300, 46, 47, 48, 304, 49, 50, 308, 53, 54, 311, 316, 61, 317, 62, 318, 320, 66, 67, 325, 71, 72, 73, 331, 77, 333, 80, 81, 83, 339, 86, 342, 343, 345, 347, 348, 93, 94, 95, 97, 98, 100, 356, 101, 357, 359, 361, 106, 108, 365, 368, 113, 117, 118, 119, 376, 377, 122, 125, 126, 387, 132, 133, 134, 136, 138, 397, 398, 399, 400, 401, 148, 405, 150, 408, 153, 155, 413, 158, 162, 418, 419, 420, 422, 169, 425, 427, 428, 173, 178, 436, 181, 182, 438, 185, 186, 443, 188, 444, 191, 451, 196, 202, 458, 459, 463, 209, 210, 212, 469, 214, 216, 220, 483, 484, 485, 235, 236, 237, 238, 251, 252, 253]
r3_r: [4, 260, 263, 264, 10, 266, 267, 268, 13, 271, 17, 273, 20, 22, 24, 25, 26, 31, 287, 38, 294, 39, 295, 301, 303, 305, 307, 56, 312, 313, 314, 63, 321, 323, 68, 328, 330, 332, 336, 337, 338, 87, 89, 91, 92, 349, 355, 102, 358, 103, 105, 109, 110, 366, 112, 369, 114, 371, 375, 378, 123, 124, 381, 382, 127, 130, 389, 394, 139, 395, 141, 146, 147, 151, 409, 154, 411, 159, 415, 160, 416, 417, 167, 174, 175, 431, 176, 177, 434, 435, 183, 445, 190, 446, 447, 192, 448, 193, 194, 452, 197, 453, 454, 456, 457, 203, 461, 206, 208, 466, 211, 472, 217, 476, 477, 225, 482, 228, 231, 232, 240, 245, 247]
r4_l: [0, 1, 2, 6, 7, 8, 9, 12, 15, 16, 18, 21, 23, 27, 28, 29, 30, 32, 33, 37, 41, 43, 45, 46, 47, 48, 49, 50, 53, 54, 55, 57, 60, 61, 62, 66, 67, 70, 71, 72, 73, 77, 78, 80, 81, 83, 84, 86, 93, 94, 95, 96, 97, 98, 100, 101, 104, 106, 108, 113, 117, 118, 119, 122, 125, 126, 128, 132, 133, 134, 135, 136, 138, 143, 145, 148, 150, 153, 155, 158, 162, 164, 169, 171, 173, 178, 179, 181, 182, 184, 185, 186, 188, 191, 195, 196, 198, 202, 209, 210, 212, 213, 214, 216, 218, 220, 221, 226, 235, 236, 237, 238, 246, 251, 252, 253, 257, 258, 259, 261, 265, 269, 270, 272, 275, 277, 278, 279, 280, 282, 284, 291, 292, 293, 300, 304, 308, 311, 316, 317, 318, 319, 320, 322, 325, 329, 331, 333, 334, 339, 342, 343, 345, 347, 348, 353, 354, 356, 357, 359, 361, 365, 367, 368, 372, 373, 376, 377, 379, 384, 387, 390, 393, 397, 398, 399, 400, 401, 404, 405, 408, 413, 418, 419, 420, 422, 425, 427, 428, 429, 430, 432, 436, 437, 438, 440, 443, 444, 451, 458, 459, 463, 467, 469, 480, 481, 483, 484, 485]
r4_r: [4, 260, 263, 264, 10, 266, 267, 268, 13, 271, 17, 273, 20, 22, 24, 25, 26, 31, 287, 38, 294, 39, 295, 301, 303, 305, 307, 56, 312, 313, 314, 63, 321, 323, 68, 328, 330, 332, 336, 337, 338, 87, 89, 91, 92, 349, 355, 102, 358, 103, 105, 109, 110, 366, 112, 369, 114, 371, 375, 378, 123, 124, 381, 382, 127, 130, 389, 394, 139, 395, 141, 146, 147, 151, 409, 154, 411, 159, 415, 160, 416, 417, 167, 174, 175, 431, 176, 177, 434, 435, 183, 445, 190, 446, 447, 192, 448, 193, 194, 452, 197, 453, 454, 456, 457, 203, 461, 206, 208, 466, 211, 472, 217, 476, 477, 225, 482, 228, 231, 232, 240, 245, 247]
r5_l: [264, 137, 266, 13, 17, 273, 147, 20, 22, 151, 407, 409, 154, 31, 287, 415, 163, 38, 40, 174, 176, 177, 51, 183, 313, 58, 189, 449, 194, 68, 452, 456, 203, 208, 465, 82, 211, 340, 472, 473, 350, 223, 482, 358, 369, 114, 374, 249, 378, 381]
r5_r: [1, 257, 2, 258, 6, 7, 265, 12, 270, 16, 277, 278, 279, 282, 29, 32, 33, 43, 300, 46, 48, 308, 54, 311, 316, 61, 317, 62, 318, 67, 72, 331, 77, 80, 81, 83, 339, 86, 345, 347, 348, 94, 95, 97, 98, 100, 356, 101, 108, 365, 368, 113, 117, 376, 377, 387, 132, 134, 136, 393, 397, 398, 399, 400, 401, 150, 408, 155, 412, 413, 158, 420, 422, 425, 173, 178, 437, 438, 185, 186, 191, 451, 196, 459, 463, 209, 212, 469, 470, 216, 222, 479, 483, 235, 236, 237, 253]
r6_l: [3, 4, 260, 262, 264, 10, 266, 267, 268, 13, 14, 271, 273, 20, 22, 24, 25, 26, 283, 286, 31, 287, 290, 36, 38, 294, 39, 295, 40, 296, 297, 42, 298, 301, 303, 305, 51, 56, 313, 58, 314, 63, 64, 65, 323, 68, 324, 69, 327, 328, 74, 330, 75, 332, 79, 335, 336, 337, 82, 338, 340, 87, 88, 89, 90, 91, 92, 349, 350, 351, 102, 358, 103, 360, 105, 364, 109, 110, 366, 112, 114, 370, 115, 371, 374, 375, 121, 378, 123, 124, 381, 382, 127, 383, 385, 130, 386, 389, 391, 137, 394, 139, 395, 141, 142, 144, 146, 147, 403, 149, 151, 407, 409, 154, 410, 411, 159, 415, 160, 161, 417, 163, 167, 423, 168, 170, 172, 174, 175, 431, 176, 177, 433, 434, 183, 441, 187, 189, 445, 190, 447, 192, 448, 193, 449, 194, 450, 452, 197, 453, 454, 200, 456, 203, 460, 205, 461, 206, 462, 207, 208, 211, 471, 217, 473, 219, 475, 476, 477, 223, 225, 228, 229, 486, 231, 232, 233, 234, 240, 242, 243, 244, 245, 247]
r6_r: [1, 257, 2, 258, 387, 132, 6, 134, 7, 136, 265, 12, 397, 270, 398, 399, 16, 400, 401, 277, 150, 278, 279, 408, 282, 155, 29, 413, 158, 32, 33, 420, 422, 425, 43, 300, 173, 46, 48, 178, 308, 54, 438, 311, 185, 186, 316, 61, 317, 62, 318, 191, 67, 451, 196, 72, 331, 459, 77, 463, 80, 81, 209, 83, 339, 212, 469, 86, 216, 345, 347, 348, 94, 95, 97, 98, 483, 100, 356, 101, 235, 108, 236, 237, 365, 368, 113, 117, 376, 377, 253]
r7_l: [3, 4, 10, 13, 14, 17, 20, 22, 24, 25, 26, 31, 36, 38, 39, 40, 42, 44, 51, 56, 58, 63, 64, 65, 68, 69, 74, 75, 79, 82, 85, 87, 88, 89, 90, 91, 92, 102, 103, 105, 109, 110, 111, 112, 114, 115, 121, 123, 124, 127, 130, 137, 139, 140, 141, 142, 144, 146, 147, 149, 151, 154, 156, 159, 160, 161, 163, 167, 168, 170, 172, 174, 175, 176, 177, 180, 183, 187, 189, 190, 192, 193, 194, 197, 199, 200, 201, 203, 204, 205, 206, 207, 208, 211, 217, 219, 223, 225, 228, 229, 231, 232, 233, 234, 240, 241, 242, 243, 244, 245, 247, 248, 249, 260, 262, 263, 264, 266, 267, 268, 271, 273, 274, 283, 286, 287, 288, 289, 290, 294, 295, 296, 297, 298, 299, 301, 303, 305, 307, 312, 313, 314, 321, 323, 324, 327, 328, 330, 332, 335, 336, 337, 338, 340, 341, 344, 346, 349, 350, 351, 355, 358, 360, 363, 364, 366, 369, 370, 371, 374, 375, 378, 381, 382, 383, 385, 386, 389, 391, 394, 395, 396, 403, 407, 409, 410, 411, 415, 416, 417, 423, 431, 433, 434, 435, 441, 445, 446, 447, 448, 449, 450, 452, 453, 454, 456, 457, 460, 461, 462, 465, 466, 468, 471, 472, 473, 475, 476, 477, 482, 486]
r7_r: [1, 257, 2, 258, 387, 132, 6, 134, 7, 136, 265, 12, 397, 270, 398, 399, 16, 400, 401, 277, 150, 278, 279, 408, 282, 155, 29, 413, 158, 32, 33, 420, 422, 425, 43, 300, 173, 46, 48, 178, 308, 54, 438, 311, 185, 186, 316, 61, 317, 62, 318, 191, 67, 451, 196, 72, 331, 459, 77, 463, 80, 81, 209, 83, 339, 212, 469, 86, 216, 345, 347, 348, 94, 95, 97, 98, 483, 100, 356, 101, 235, 108, 236, 237, 365, 368, 113, 117, 376, 377, 253]
r8_l: [258, 269, 270, 16, 272, 18, 275, 277, 23, 33, 34, 293, 41, 43, 49, 50, 52, 53, 309, 310, 59, 315, 60, 316, 317, 325, 326, 73, 329, 331, 76, 78, 342, 343, 361, 107, 108, 368, 113, 117, 373, 118, 120, 379, 380, 129, 131, 387, 134, 390, 136, 392, 393, 138, 397, 398, 399, 400, 145, 402, 148, 404, 150, 406, 408, 412, 418, 164, 165, 166, 422, 424, 426, 427, 428, 429, 430, 178, 179, 436, 437, 439, 185, 451, 455, 202, 458, 209, 210, 470, 222, 479, 224, 481, 226, 483, 484, 485, 235, 238, 239, 250, 251, 253, 255]
r8_r: [4, 260, 263, 264, 10, 266, 267, 268, 13, 271, 17, 273, 20, 22, 24, 25, 26, 31, 287, 38, 294, 39, 295, 301, 303, 305, 307, 56, 312, 313, 314, 63, 321, 323, 68, 328, 330, 332, 336, 337, 338, 87, 89, 91, 92, 349, 355, 102, 358, 103, 105, 109, 110, 366, 112, 369, 114, 371, 375, 378, 123, 124, 381, 382, 127, 130, 389, 394, 139, 395, 141, 146, 147, 151, 409, 154, 411, 159, 415, 160, 416, 417, 167, 174, 175, 431, 176, 177, 434, 435, 183, 445, 190, 446, 447, 192, 448, 193, 194, 452, 197, 453, 454, 456, 457, 203, 461, 206, 208, 466, 211, 472, 217, 476, 477, 225, 482, 228, 231, 232, 240, 245, 247]
