r1_l: [0, 1, 2, 4, 196, 5, 7, 136, 73, 10, 141, 144, 21, 87, 89, 153, 91, 155, 156, 161, 34, 98, 36, 39, 112, 177, 54, 119, 120, 59, 123, 127, 191]
r1_r: [64, 192, 65, 194, 67, 132, 197, 135, 199, 200, 202, 76, 78, 15, 209, 146, 210, 147, 212, 149, 213, 150, 151, 215, 93, 157, 158, 159, 97, 100, 164, 167, 168, 170, 172, 47, 175, 51, 179, 180, 181, 56, 185, 58, 122, 124]
r2_l: [0, 1, 2, 4, 5, 7, 136, 9, 137, 10, 138, 11, 141, 144, 145, 21, 25, 153, 27, 155, 156, 32, 160, 161, 34, 35, 36, 37, 39, 40, 41, 44, 45, 173, 46, 177, 53, 54, 55, 57, 59, 187, 189, 191, 196, 198, 72, 73, 77, 211, 214, 87, 89, 91, 98, 104, 107, 112, 117, 119, 120, 123, 127]
r2_r: [64, 192, 65, 194, 67, 132, 197, 135, 199, 200, 202, 76, 78, 15, 209, 146, 210, 147, 212, 149, 213, 150, 151, 215, 93, 157, 158, 159, 97, 100, 164, 167, 168, 170, 172, 47, 175, 51, 179, 180, 181, 56, 185, 58, 122, 124]
r3_l: [0, 128, 1, 2, 3, 4, 5, 133, 6, 134, 7, 136, 9, 137, 10, 138, 11, 12, 13, 141, 16, 144, 145, 18, 20, 21, 22, 23, 25, 153, 154, 27, 155, 28, 156, 32, 160, 161, 34, 35, 36, 37, 39, 40, 41, 43, 44, 45, 173, 46, 177, 53, 54, 182, 55, 184, 57, 59, 187, 61, 189, 62, 191, 66, 196, 198, 72, 73, 201, 203, 77, 205, 206, 79, 211, 214, 87, 89, 91, 98, 104, 107, 108, 109, 111, 112, 116, 117, 119, 120, 123, 125, 127]
r3_r: [131, 132, 135, 15, 146, 147, 149, 150, 151, 157, 158, 159, 164, 167, 168, 170, 172, 47, 175, 51, 179, 180, 181, 56, 185, 58, 64, 192, 65, 194, 67, 197, 199, 200, 202, 75, 76, 78, 80, 209, 210, 212, 213, 215, 90, 93, 97, 99, 100, 102, 113, 114, 122, 124, 126]
r4_l: [132, 135, 8, 139, 14, 17, 146, 147, 149, 150, 151, 157, 30, 158, 159, 164, 165, 38, 168, 169, 42, 170, 172, 47, 175, 176, 49, 50, 178, 51, 179, 180, 181, 183, 56, 185, 58, 60, 63, 192, 65, 193, 194, 67, 195, 68, 69, 197, 71, 199, 200, 202, 76, 78, 207, 80, 81, 209, 82, 210, 84, 212, 85, 213, 215, 88, 92, 93, 94, 97, 99, 100, 101, 102, 105, 114, 121, 122]
r4_r: [0, 1, 2, 196, 198, 7, 136, 9, 73, 137, 10, 11, 77, 141, 21, 87, 89, 156, 161, 34, 98, 36, 41, 44, 46, 117, 54, 120, 57, 123, 187, 189, 127]
r5_l: [8, 14, 15, 17, 19, 24, 26, 29, 30, 33, 38, 42, 47, 48, 49, 50, 51, 56, 58, 60, 63, 64, 65, 67, 68, 69, 71, 74, 75, 76, 78, 80, 81, 82, 84, 85, 88, 90, 92, 93, 94, 95, 96, 97, 99, 100, 101, 102, 103, 105, 110, 113, 114, 121, 122, 124, 126, 130, 131, 132, 135, 139, 140, 146, 147, 148, 149, 150, 151, 152, 157, 158, 159, 162, 164, 165, 166, 167, 168, 169, 170, 171, 172, 174, 175, 176, 178, 179, 180, 181, 183, 185, 186, 192, 193, 194, 195, 197, 199, 200, 202, 207, 208, 209, 210, 212, 213, 215]
r5_r: [0, 1, 2, 3, 196, 6, 198, 7, 136, 9, 73, 137, 10, 11, 203, 13, 77, 141, 79, 21, 23, 87, 89, 154, 156, 161, 34, 98, 36, 41, 43, 44, 108, 46, 117, 54, 120, 57, 123, 187, 189, 127]
