r1_l: [192, 129, 193, 67, 196, 197, 201, 11, 139, 78, 142, 208, 17, 148, 213, 150, 215, 154, 155, 219, 221, 166, 40, 48, 52, 53, 182, 183, 121, 59, 123]
r1_r: [0, 3, 4, 5, 6, 7, 9, 13, 15, 16, 18, 19, 20, 24, 28, 29, 30, 31, 32, 33, 34, 35, 36, 37, 43, 44, 45, 46, 47, 49, 50, 55, 57, 58, 60, 62, 64, 65, 66, 69, 74, 77, 79, 81, 82, 86, 87, 89, 92, 93, 96, 97, 106, 109, 114, 115, 116, 118, 119, 120, 125, 130, 131, 133, 137, 138, 140, 143, 147, 149, 156, 157, 158, 159, 160, 164, 165, 171, 173, 174, 175, 176, 180, 181, 190, 191, 195, 198, 199, 203, 204, 206, 207, 211, 212, 214, 217, 220, 222]
r2_l: [129, 132, 134, 136, 10, 11, 139, 142, 144, 17, 148, 21, 150, 151, 154, 155, 161, 163, 38, 166, 39, 40, 169, 48, 51, 52, 53, 54, 182, 183, 56, 184, 186, 59, 192, 193, 194, 67, 196, 197, 70, 72, 200, 201, 78, 208, 209, 84, 213, 215, 88, 216, 219, 221, 94, 95, 105, 117, 121, 123, 124]
r2_r: [0, 3, 4, 5, 6, 7, 9, 13, 14, 15, 16, 18, 19, 20, 23, 24, 25, 28, 29, 30, 31, 32, 33, 34, 35, 36, 37, 43, 44, 45, 46, 47, 49, 50, 55, 57, 58, 60, 61, 62, 64, 65, 66, 68, 69, 74, 77, 79, 81, 82, 83, 86, 87, 89, 91, 92, 93, 96, 97, 100, 102, 104, 106, 107, 109, 114, 115, 116, 118, 119, 120, 125, 130, 131, 133, 137, 138, 140, 141, 143, 147, 149, 156, 157, 158, 159, 160, 164, 165, 167, 171, 173, 174, 175, 176, 179, 180, 181, 187, 188, 190, 191, 195, 198, 199, 203, 204, 206, 207, 211, 212, 214, 217, 220, 222]
r3_l: [129, 131, 132, 134, 7, 136, 11, 139, 142, 143, 16, 17, 19, 148, 149, 150, 25, 154, 155, 157, 31, 32, 33, 161, 34, 35, 163, 38, 166, 39, 167, 40, 43, 48, 176, 51, 52, 181, 182, 183, 56, 58, 186, 59, 188, 61, 192, 193, 194, 67, 196, 197, 70, 200, 201, 203, 204, 78, 208, 209, 82, 213, 87, 215, 91, 219, 221, 94, 100, 102, 104, 107, 116, 121]
r3_r: [0, 65, 130, 3, 5, 198, 135, 138, 75, 140, 15, 144, 212, 21, 86, 88, 92, 93, 30, 95, 160, 97, 36, 37, 168, 171, 45, 109, 173, 47, 111, 50, 114, 115, 54, 118, 55, 119, 120, 184, 123, 62, 63]
r4_l: [129, 131, 4, 6, 134, 7, 137, 10, 13, 14, 142, 143, 16, 17, 20, 148, 149, 150, 23, 151, 24, 25, 154, 156, 157, 31, 159, 32, 33, 161, 35, 163, 165, 38, 166, 167, 40, 169, 43, 172, 176, 52, 180, 181, 183, 56, 57, 58, 186, 60, 188, 61, 191, 66, 194, 67, 195, 197, 70, 199, 72, 200, 201, 74, 203, 204, 77, 206, 79, 207, 208, 209, 82, 84, 214, 87, 215, 216, 91, 220, 221, 94, 96, 99, 100, 102, 104, 107, 116, 117, 121, 124, 125, 126]
r4_r: [0, 1, 2, 3, 5, 8, 9, 11, 12, 15, 18, 19, 21, 22, 26, 27, 28, 29, 30, 34, 36, 37, 39, 41, 42, 44, 45, 46, 47, 48, 49, 50, 51, 53, 54, 55, 59, 60, 62, 63, 64, 65, 68, 69, 71, 73, 74, 75, 76, 78, 80, 81, 83, 85, 86, 88, 89, 90, 92, 93, 95, 97, 98, 101, 103, 105, 106, 108, 109, 110, 111, 112, 113, 114, 115, 118, 119, 120, 122, 123, 127, 128, 130, 132, 133, 135, 136, 138, 139, 140, 141, 144, 145, 146, 147, 152, 153, 155, 158, 160, 162, 164, 168, 170, 171, 173, 174, 175, 177, 178, 179, 182, 184, 185, 187, 189, 190, 192, 193, 196, 198, 202, 205, 210, 211, 212, 213, 217, 218, 219, 222]
r5_l: [64, 2, 69, 133, 73, 10, 74, 75, 206, 81, 18, 210, 211, 20, 22, 89, 153, 217, 26, 28, 29, 158, 159, 165, 170, 44, 108, 46, 174, 175, 49, 179, 60, 189, 126, 190, 63, 127]
r5_r: [192, 129, 193, 132, 196, 197, 136, 200, 201, 11, 139, 204, 78, 142, 16, 17, 82, 19, 213, 154, 91, 155, 219, 221, 94, 33, 161, 34, 166, 39, 40, 43, 48, 176, 51, 52, 116, 182, 56, 58, 186, 59]
r6_l: [2, 3, 5, 133, 135, 8, 9, 10, 12, 141, 145, 18, 147, 20, 22, 153, 26, 28, 29, 158, 159, 37, 165, 169, 170, 44, 172, 46, 174, 175, 49, 178, 180, 55, 185, 60, 189, 190, 63, 64, 65, 68, 69, 198, 71, 72, 73, 74, 75, 76, 77, 205, 206, 79, 80, 81, 210, 211, 216, 89, 217, 90, 220, 222, 96, 98, 99, 103, 108, 109, 111, 112, 113, 119, 122, 124, 125, 126, 127]
r6_r: [192, 129, 196, 197, 200, 201, 11, 139, 204, 142, 16, 17, 82, 19, 213, 154, 91, 221, 94, 33, 161, 166, 40, 43, 48, 176, 52, 116, 53, 182, 56, 58, 186, 59]
r7_l: [128, 2, 3, 132, 5, 133, 135, 8, 136, 9, 138, 12, 140, 15, 144, 145, 146, 21, 22, 152, 26, 29, 30, 158, 160, 162, 36, 37, 39, 168, 41, 42, 171, 44, 45, 47, 175, 49, 177, 50, 51, 54, 55, 184, 185, 187, 63, 65, 198, 71, 73, 75, 76, 205, 80, 210, 212, 86, 88, 217, 90, 218, 92, 93, 95, 97, 98, 101, 103, 105, 108, 109, 110, 111, 112, 113, 114, 115, 118, 119, 122]
r7_r: [129, 195, 4, 6, 72, 200, 137, 201, 10, 204, 77, 142, 206, 79, 16, 17, 20, 84, 23, 151, 24, 216, 154, 156, 220, 221, 159, 96, 161, 99, 165, 166, 40, 169, 172, 52, 116, 180, 117, 186, 124, 125, 126]
