r1_l: [195, 391, 841, 650, 714, 778, 843, 334, 783, 528, 601, 604, 93, 415, 864, 545, 34, 739, 803, 612, 165, 557, 622, 432, 499, 52, 246, 58, 700, 765]
r1_r: [0, 512, 2, 514, 4, 517, 519, 521, 522, 11, 523, 12, 525, 14, 15, 17, 532, 533, 536, 537, 29, 541, 30, 31, 543, 544, 547, 37, 38, 42, 554, 555, 46, 559, 564, 54, 566, 55, 567, 568, 57, 569, 570, 62, 63, 65, 68, 583, 72, 584, 73, 74, 587, 76, 589, 81, 83, 84, 600, 89, 90, 94, 607, 96, 614, 103, 104, 619, 109, 621, 623, 112, 625, 119, 120, 122, 124, 638, 128, 129, 130, 131, 643, 132, 646, 135, 647, 136, 137, 139, 651, 652, 141, 656, 145, 148, 660, 662, 151, 153, 154, 666, 155, 670, 671, 674, 163, 675, 676, 166, 679, 168, 169, 170, 173, 685, 175, 687, 177, 690, 692, 693, 184, 697, 698, 699, 188, 701, 190, 703, 704, 193, 705, 708, 199, 711, 712, 713, 207, 209, 721, 210, 724, 215, 727, 728, 218, 220, 221, 225, 738, 744, 235, 236, 238, 753, 242, 244, 756, 757, 758, 759, 248, 762, 254, 255, 767, 774, 775, 264, 269, 781, 782, 272, 784, 274, 786, 276, 282, 795, 796, 797, 800, 289, 802, 291, 808, 298, 811, 300, 812, 815, 305, 818, 819, 308, 312, 313, 826, 315, 316, 828, 319, 320, 833, 835, 324, 839, 328, 840, 329, 333, 845, 337, 851, 340, 348, 349, 862, 351, 867, 868, 359, 873, 362, 875, 364, 365, 367, 879, 882, 883, 884, 373, 886, 376, 890, 891, 892, 382, 894, 383, 896, 399, 408, 411, 418, 422, 427, 434, 436, 442, 443, 447, 448, 449, 455, 457, 458, 460, 466, 474, 475, 477, 481, 482, 483, 484, 486, 488, 489, 491, 496, 501, 508]
r2_l: [385, 393, 331, 715, 716, 467, 596, 469, 342, 860, 414, 798, 673, 804, 551, 807, 296, 872, 301, 560, 626, 53, 309, 885, 502, 441, 123, 764, 766, 831]
r2_r: [0, 512, 2, 514, 4, 517, 6, 518, 8, 9, 521, 11, 523, 13, 525, 14, 15, 17, 529, 18, 22, 539, 28, 540, 29, 541, 30, 542, 31, 543, 34, 38, 554, 44, 556, 46, 52, 54, 566, 55, 567, 568, 569, 62, 63, 68, 69, 581, 583, 72, 73, 587, 590, 591, 81, 594, 83, 601, 90, 602, 92, 93, 95, 104, 619, 620, 111, 113, 117, 120, 632, 633, 635, 127, 128, 129, 131, 132, 134, 646, 136, 648, 650, 651, 141, 145, 146, 658, 661, 662, 152, 154, 666, 671, 161, 674, 166, 168, 169, 681, 682, 173, 687, 177, 689, 178, 692, 693, 184, 188, 189, 701, 702, 703, 704, 705, 707, 708, 199, 714, 207, 209, 721, 724, 214, 215, 728, 218, 220, 221, 225, 228, 741, 236, 753, 244, 757, 246, 758, 759, 249, 762, 255, 767, 771, 261, 775, 264, 779, 784, 273, 785, 274, 786, 276, 797, 800, 289, 291, 806, 295, 299, 811, 812, 303, 815, 305, 818, 307, 313, 315, 316, 318, 319, 835, 324, 327, 839, 328, 840, 841, 333, 846, 337, 849, 853, 344, 348, 350, 862, 351, 863, 866, 867, 875, 365, 366, 878, 367, 879, 369, 884, 373, 374, 380, 383, 896, 388, 405, 407, 409, 415, 418, 422, 428, 430, 431, 432, 433, 434, 436, 440, 442, 443, 447, 448, 449, 453, 454, 455, 460, 461, 464, 475, 476, 478, 481, 482, 486, 489, 492, 496, 501, 509]
r3_l: [576, 834, 67, 262, 78, 208, 657, 403, 20, 21, 406, 858, 219, 158, 670, 736, 801, 869, 360, 105, 810, 364, 877, 368, 881, 498, 245, 185, 761, 186, 510, 638, 511, 575]
r3_r: [0, 128, 896, 129, 705, 199, 583, 839, 8, 136, 648, 73, 521, 525, 591, 784, 18, 274, 83, 405, 407, 728, 409, 475, 476, 221, 541, 351, 674, 169, 489, 875, 492, 812, 367, 687, 879, 689, 818, 884, 373, 184, 440, 313, 127, 767]
r4_l: [513, 515, 260, 262, 390, 144, 657, 403, 20, 21, 406, 284, 158, 159, 801, 164, 39, 551, 679, 680, 810, 306, 822, 696, 185, 186, 575, 576, 450, 834, 580, 70, 710, 588, 78, 335, 851, 858, 219, 861, 94, 736, 610, 869, 360, 105, 363, 364, 877, 750, 368, 880, 498, 245, 630, 119, 247, 505, 761, 890, 124, 253, 510, 638, 511]
r4_r: [0, 128, 896, 129, 8, 136, 648, 521, 525, 15, 784, 18, 274, 405, 407, 409, 541, 674, 168, 169, 812, 687, 689, 818, 184, 440, 313, 705, 199, 583, 839, 73, 591, 721, 83, 728, 475, 476, 221, 351, 489, 875, 492, 367, 879, 884, 373, 127, 767]
r5_l: [513, 3, 515, 260, 262, 519, 776, 266, 526, 20, 21, 284, 801, 549, 39, 551, 552, 810, 306, 822, 314, 575, 576, 834, 580, 70, 588, 845, 78, 335, 80, 851, 345, 858, 603, 861, 94, 352, 610, 869, 360, 105, 106, 363, 108, 364, 877, 368, 880, 630, 119, 121, 890, 379, 124, 638, 640, 390, 649, 144, 657, 402, 403, 150, 406, 158, 159, 675, 164, 679, 680, 172, 696, 185, 186, 450, 706, 709, 710, 203, 219, 732, 736, 233, 491, 750, 239, 498, 243, 245, 247, 505, 761, 507, 253, 510, 511]
r5_r: [0, 128, 896, 129, 8, 136, 648, 521, 525, 15, 784, 18, 274, 405, 407, 409, 541, 674, 168, 169, 812, 687, 689, 818, 184, 440, 313, 705, 199, 583, 839, 73, 591, 721, 83, 728, 475, 476, 221, 351, 489, 875, 492, 367, 879, 884, 373, 127, 767]
r6_l: [513, 515, 260, 262, 774, 519, 776, 12, 526, 272, 20, 21, 533, 537, 282, 795, 284, 801, 37, 39, 551, 810, 306, 822, 312, 57, 314, 570, 575, 576, 832, 65, 833, 834, 580, 70, 588, 78, 335, 851, 345, 858, 603, 859, 861, 94, 610, 869, 359, 360, 105, 106, 363, 364, 877, 368, 880, 882, 630, 119, 376, 121, 377, 890, 124, 892, 638, 390, 649, 139, 144, 657, 402, 403, 148, 660, 406, 158, 159, 675, 164, 679, 680, 172, 690, 696, 185, 186, 193, 450, 706, 709, 710, 713, 458, 727, 472, 474, 219, 736, 487, 233, 491, 238, 750, 242, 498, 243, 245, 247, 505, 761, 507, 253, 510, 511]
r6_r: [0, 128, 896, 129, 771, 8, 136, 648, 521, 525, 15, 784, 18, 274, 405, 407, 409, 541, 674, 168, 169, 812, 687, 689, 818, 567, 184, 440, 313, 705, 199, 583, 839, 73, 591, 721, 83, 728, 475, 476, 221, 351, 489, 875, 492, 367, 879, 884, 373, 127, 767]
r7_l: [513, 3, 259, 515, 260, 262, 519, 776, 266, 526, 20, 21, 280, 25, 284, 33, 801, 293, 549, 39, 551, 552, 810, 817, 306, 822, 314, 828, 829, 575, 576, 321, 578, 834, 580, 325, 70, 588, 845, 78, 335, 80, 851, 855, 345, 858, 603, 861, 94, 352, 610, 100, 869, 360, 105, 106, 363, 108, 364, 877, 368, 880, 630, 886, 119, 888, 121, 890, 379, 124, 381, 638, 640, 645, 390, 392, 649, 140, 144, 400, 657, 402, 403, 150, 406, 665, 158, 159, 162, 675, 164, 679, 680, 172, 685, 435, 696, 185, 186, 450, 706, 709, 710, 203, 717, 208, 468, 473, 729, 219, 732, 736, 230, 233, 490, 491, 750, 239, 498, 243, 500, 245, 247, 505, 761, 507, 253, 510, 511]
r7_r: [0, 128, 896, 129, 8, 136, 648, 521, 525, 15, 784, 18, 274, 405, 407, 409, 541, 674, 168, 169, 812, 687, 689, 818, 184, 440, 313, 705, 199, 583, 839, 73, 591, 721, 83, 728, 475, 476, 221, 351, 489, 875, 492, 367, 879, 884, 373, 127, 767]
r8_l: [513, 3, 515, 519, 12, 526, 16, 20, 21, 533, 25, 537, 33, 37, 549, 39, 551, 552, 57, 570, 575, 576, 65, 578, 580, 70, 588, 78, 80, 603, 94, 610, 100, 105, 106, 108, 623, 627, 630, 119, 121, 124, 638, 640, 643, 645, 137, 649, 139, 140, 144, 656, 657, 148, 660, 150, 665, 667, 158, 159, 672, 162, 675, 164, 676, 679, 680, 170, 172, 685, 175, 690, 696, 185, 186, 699, 193, 706, 709, 710, 713, 203, 204, 717, 208, 210, 727, 729, 219, 732, 224, 736, 230, 233, 238, 750, 239, 242, 243, 245, 247, 761, 763, 252, 253, 259, 260, 262, 774, 776, 266, 272, 280, 282, 283, 795, 284, 796, 801, 293, 810, 813, 817, 306, 308, 822, 311, 312, 314, 828, 829, 830, 832, 321, 833, 834, 325, 845, 335, 851, 855, 345, 858, 859, 861, 352, 869, 359, 360, 361, 363, 364, 877, 368, 880, 882, 883, 886, 376, 888, 377, 890, 379, 892, 381, 390, 392, 393, 400, 401, 402, 403, 406, 427, 435, 450, 458, 468, 472, 473, 474, 480, 483, 487, 490, 491, 494, 498, 500, 505, 507, 510, 511]
r8_r: [0, 128, 896, 129, 8, 136, 648, 521, 525, 15, 784, 18, 274, 405, 407, 409, 541, 674, 168, 169, 812, 687, 689, 818, 184, 440, 313, 705, 199, 583, 839, 73, 591, 721, 83, 728, 475, 476, 221, 351, 489, 875, 492, 367, 879, 884, 373, 127, 767]
r9_l: [513, 3, 515, 519, 12, 526, 16, 20, 21, 533, 25, 537, 33, 546, 548, 37, 549, 39, 551, 552, 41, 43, 47, 50, 57, 570, 575, 576, 65, 578, 67, 580, 70, 586, 76, 588, 78, 80, 603, 94, 610, 100, 102, 105, 106, 108, 623, 112, 627, 628, 630, 119, 631, 121, 124, 638, 640, 643, 645, 647, 137, 649, 139, 140, 652, 144, 656, 657, 148, 660, 150, 665, 667, 158, 670, 159, 672, 162, 675, 164, 676, 167, 679, 680, 170, 172, 685, 175, 690, 696, 185, 186, 699, 193, 706, 197, 709, 710, 712, 713, 203, 204, 717, 718, 208, 210, 727, 729, 219, 732, 224, 736, 230, 743, 233, 238, 750, 239, 242, 243, 245, 247, 761, 763, 252, 253, 766, 259, 260, 262, 774, 776, 266, 269, 272, 280, 282, 283, 795, 284, 796, 801, 293, 808, 810, 813, 817, 306, 308, 822, 311, 312, 314, 828, 829, 830, 832, 321, 833, 834, 325, 842, 845, 335, 851, 340, 855, 345, 346, 858, 859, 349, 861, 352, 869, 870, 359, 360, 361, 363, 364, 876, 877, 368, 880, 881, 882, 883, 886, 376, 888, 377, 890, 379, 892, 381, 390, 392, 393, 400, 401, 402, 403, 406, 427, 435, 450, 457, 458, 468, 472, 473, 474, 480, 483, 484, 487, 490, 491, 494, 498, 500, 504, 505, 507, 510, 511]
r9_r: [0, 128, 896, 129, 771, 8, 136, 648, 521, 525, 15, 784, 18, 274, 405, 407, 409, 541, 674, 168, 169, 812, 687, 689, 818, 567, 184, 440, 313, 705, 199, 583, 839, 73, 591, 721, 83, 728, 475, 476, 221, 351, 489, 875, 492, 367, 879, 884, 373, 127, 767]
r10_l: [1, 513, 3, 515, 519, 12, 526, 16, 528, 531, 20, 21, 533, 25, 537, 27, 33, 545, 546, 548, 37, 549, 39, 551, 40, 552, 41, 43, 47, 48, 49, 50, 562, 51, 564, 57, 570, 572, 61, 575, 576, 65, 578, 67, 580, 70, 586, 76, 588, 78, 80, 603, 94, 610, 100, 612, 101, 613, 102, 616, 105, 106, 108, 109, 623, 112, 114, 115, 627, 628, 630, 119, 631, 121, 123, 124, 638, 640, 643, 645, 647, 137, 649, 139, 140, 652, 144, 656, 657, 148, 660, 150, 665, 667, 158, 670, 159, 672, 162, 675, 164, 676, 167, 679, 680, 170, 172, 685, 175, 690, 696, 185, 186, 698, 699, 193, 706, 195, 197, 709, 710, 712, 713, 203, 204, 716, 717, 718, 208, 210, 723, 727, 729, 219, 732, 224, 736, 739, 230, 743, 233, 238, 750, 239, 242, 243, 245, 247, 761, 251, 763, 252, 253, 766, 770, 259, 260, 262, 774, 776, 266, 778, 269, 783, 272, 280, 282, 283, 795, 284, 796, 798, 801, 803, 293, 294, 296, 810, 813, 817, 306, 308, 822, 311, 823, 312, 825, 314, 828, 829, 830, 832, 321, 833, 834, 325, 329, 842, 843, 844, 845, 335, 339, 851, 340, 855, 345, 346, 858, 859, 349, 861, 352, 864, 869, 870, 359, 360, 361, 363, 364, 876, 877, 368, 880, 881, 882, 883, 886, 376, 888, 377, 890, 379, 891, 892, 381, 894, 385, 387, 390, 391, 392, 393, 400, 401, 402, 403, 406, 427, 435, 441, 450, 457, 458, 468, 472, 473, 474, 480, 483, 484, 487, 490, 491, 494, 498, 500, 504, 505, 507, 510, 511]
r10_r: [0, 769, 771, 516, 261, 6, 7, 8, 521, 11, 524, 780, 525, 15, 271, 784, 18, 274, 788, 535, 793, 285, 541, 31, 287, 799, 35, 38, 812, 45, 304, 818, 52, 309, 567, 313, 58, 827, 831, 69, 838, 583, 839, 73, 333, 79, 591, 82, 338, 83, 852, 341, 87, 856, 351, 353, 99, 355, 103, 875, 620, 367, 879, 369, 371, 884, 373, 634, 893, 127, 383, 128, 896, 129, 897, 388, 136, 648, 653, 143, 655, 147, 405, 661, 407, 409, 674, 168, 169, 682, 687, 689, 182, 439, 695, 184, 440, 444, 192, 705, 451, 198, 199, 200, 459, 721, 211, 212, 213, 471, 728, 475, 476, 221, 479, 227, 489, 235, 492, 749, 752, 241, 753, 759, 506, 767]
r11_l: [1, 513, 3, 515, 519, 12, 526, 16, 20, 21, 533, 536, 25, 537, 27, 33, 546, 548, 37, 549, 550, 39, 551, 40, 552, 41, 43, 559, 48, 49, 50, 562, 51, 564, 57, 570, 572, 61, 575, 576, 65, 578, 67, 580, 70, 582, 583, 586, 76, 588, 78, 80, 603, 94, 610, 100, 101, 613, 102, 614, 616, 105, 106, 108, 109, 621, 623, 112, 624, 114, 115, 628, 630, 119, 631, 121, 123, 124, 637, 638, 640, 643, 644, 645, 647, 137, 649, 139, 140, 652, 144, 656, 657, 659, 148, 660, 149, 150, 153, 665, 667, 669, 158, 670, 159, 672, 162, 675, 164, 676, 167, 679, 680, 170, 172, 685, 175, 176, 690, 696, 185, 186, 698, 699, 193, 706, 197, 709, 710, 712, 713, 203, 204, 716, 717, 206, 718, 208, 210, 723, 727, 729, 219, 732, 222, 224, 736, 230, 743, 233, 238, 750, 239, 242, 754, 243, 245, 247, 761, 251, 763, 252, 253, 766, 768, 259, 260, 262, 774, 776, 266, 268, 269, 272, 790, 279, 280, 282, 283, 795, 284, 796, 798, 801, 293, 294, 296, 808, 810, 813, 817, 306, 308, 822, 311, 823, 312, 825, 314, 826, 828, 829, 830, 832, 321, 833, 834, 325, 329, 842, 332, 844, 845, 335, 851, 340, 855, 345, 346, 858, 349, 861, 352, 869, 870, 359, 360, 872, 361, 362, 363, 364, 876, 877, 368, 880, 881, 882, 883, 886, 376, 888, 377, 890, 379, 891, 892, 381, 382, 894, 385, 390, 392, 393, 400, 401, 402, 403, 406, 410, 411, 420, 427, 435, 441, 450, 457, 458, 468, 470, 473, 474, 480, 483, 484, 487, 490, 491, 494, 498, 500, 504, 505, 507, 510, 511]
r11_r: [128, 896, 769, 388, 6, 136, 648, 525, 15, 784, 18, 274, 405, 535, 409, 541, 31, 674, 168, 682, 689, 52, 184, 440, 313, 69, 199, 583, 839, 459, 333, 591, 721, 83, 852, 476, 221, 351, 103, 489, 235, 875, 492, 879, 752, 753, 884, 373, 127, 767]
r12_l: [320, 641, 133, 389, 135, 263, 711, 10, 74, 589, 781, 782, 848, 19, 787, 532, 85, 151, 600, 89, 857, 155, 668, 413, 477, 606, 223, 607, 544, 547, 868, 744, 617, 42, 298, 557, 819, 180, 503, 56, 190, 191]
r12_r: [0, 128, 896, 129, 897, 771, 261, 8, 136, 648, 521, 525, 653, 15, 143, 784, 18, 274, 405, 661, 407, 409, 285, 799, 674, 168, 169, 812, 687, 689, 818, 567, 184, 440, 313, 705, 838, 199, 583, 839, 200, 73, 591, 721, 212, 213, 728, 856, 475, 476, 221, 351, 227, 875, 492, 620, 749, 367, 879, 241, 369, 371, 884, 373, 893, 127, 767]
r13_l: [513, 3, 515, 519, 12, 526, 530, 19, 20, 532, 21, 533, 24, 536, 537, 544, 546, 547, 548, 37, 549, 550, 39, 551, 552, 41, 42, 43, 558, 559, 49, 50, 562, 51, 564, 56, 57, 570, 572, 61, 575, 576, 65, 67, 580, 70, 582, 583, 74, 76, 588, 589, 78, 80, 84, 85, 88, 600, 89, 603, 94, 606, 607, 609, 98, 610, 100, 613, 102, 614, 105, 617, 106, 108, 109, 621, 623, 112, 625, 115, 628, 630, 119, 631, 121, 124, 636, 637, 638, 640, 641, 130, 643, 644, 645, 135, 647, 137, 649, 139, 140, 652, 144, 656, 657, 148, 660, 149, 150, 151, 153, 155, 667, 668, 158, 670, 159, 672, 162, 675, 164, 676, 167, 679, 680, 170, 172, 684, 685, 175, 176, 690, 696, 185, 697, 186, 698, 699, 190, 191, 193, 706, 709, 710, 711, 712, 713, 203, 204, 717, 206, 718, 719, 208, 210, 727, 729, 219, 732, 222, 734, 736, 743, 232, 744, 233, 238, 750, 239, 242, 243, 245, 247, 248, 761, 252, 253, 766, 256, 768, 258, 259, 260, 262, 774, 263, 776, 266, 269, 781, 270, 782, 272, 787, 279, 280, 282, 795, 284, 796, 801, 290, 292, 293, 294, 808, 298, 810, 301, 813, 306, 819, 308, 821, 822, 823, 312, 314, 826, 828, 829, 320, 832, 321, 833, 834, 325, 329, 842, 331, 332, 845, 335, 336, 848, 850, 851, 340, 345, 857, 346, 858, 349, 861, 352, 868, 869, 870, 359, 360, 362, 363, 364, 876, 877, 368, 880, 881, 882, 883, 886, 376, 888, 377, 889, 890, 379, 891, 892, 381, 893, 382, 894, 389, 390, 392, 393, 395, 397, 398, 401, 402, 403, 406, 410, 411, 413, 420, 423, 427, 435, 450, 452, 457, 458, 462, 468, 470, 472, 474, 477, 483, 484, 487, 491, 494, 498, 500, 503, 504, 505, 507, 510, 511]
r13_r: [0, 128, 896, 129, 705, 199, 839, 8, 136, 648, 73, 521, 525, 15, 591, 784, 721, 18, 274, 83, 405, 407, 728, 409, 475, 476, 221, 541, 351, 674, 168, 169, 489, 875, 492, 812, 367, 687, 879, 689, 818, 884, 373, 184, 440, 313, 127, 767]
r14_l: [384, 640, 898, 7, 776, 777, 653, 271, 787, 277, 789, 793, 410, 285, 158, 159, 799, 420, 293, 553, 171, 306, 562, 563, 565, 822, 695, 185, 59, 317, 829, 191, 575, 322, 706, 67, 70, 200, 206, 595, 597, 87, 345, 729, 346, 858, 861, 734, 353, 737, 740, 869, 102, 615, 493, 755, 250]
r14_r: [0, 512, 2, 514, 4, 517, 519, 521, 522, 11, 523, 12, 525, 14, 15, 17, 532, 533, 536, 537, 29, 541, 30, 31, 543, 544, 547, 37, 38, 42, 554, 555, 46, 559, 564, 54, 566, 55, 567, 568, 57, 569, 570, 62, 63, 65, 68, 583, 72, 584, 73, 74, 587, 76, 589, 81, 83, 84, 600, 89, 90, 94, 607, 96, 614, 103, 104, 619, 109, 621, 623, 112, 625, 119, 120, 122, 124, 638, 128, 129, 130, 131, 643, 132, 646, 135, 647, 136, 137, 139, 651, 652, 141, 656, 145, 148, 660, 662, 151, 153, 154, 666, 155, 670, 671, 674, 163, 675, 676, 166, 679, 168, 169, 170, 173, 685, 175, 687, 177, 690, 692, 693, 184, 697, 698, 699, 188, 701, 190, 703, 704, 193, 705, 708, 199, 711, 712, 713, 207, 209, 721, 210, 724, 215, 727, 728, 218, 220, 221, 225, 738, 744, 235, 236, 238, 752, 753, 242, 244, 756, 757, 758, 759, 248, 762, 254, 255, 767, 774, 775, 264, 269, 781, 782, 272, 784, 274, 786, 276, 282, 795, 796, 797, 800, 289, 802, 291, 808, 298, 811, 300, 812, 815, 305, 818, 819, 308, 312, 313, 826, 315, 316, 828, 319, 320, 833, 835, 324, 839, 328, 840, 329, 333, 845, 337, 851, 340, 348, 349, 862, 351, 867, 868, 359, 873, 362, 875, 364, 365, 367, 879, 882, 883, 884, 373, 886, 376, 890, 891, 892, 382, 894, 383, 896, 399, 408, 411, 418, 422, 427, 434, 436, 442, 443, 447, 448, 449, 455, 457, 458, 460, 466, 474, 475, 477, 481, 482, 483, 484, 486, 488, 489, 491, 496, 501, 508]
r15_l: [262, 524, 788, 21, 23, 280, 284, 287, 804, 39, 551, 807, 296, 552, 41, 809, 301, 302, 814, 560, 309, 310, 314, 827, 60, 573, 831, 576, 325, 79, 335, 80, 592, 338, 596, 342, 347, 603, 352, 872, 618, 363, 877, 626, 885, 118, 123, 893, 126, 642, 645, 390, 393, 649, 395, 396, 654, 144, 657, 402, 150, 663, 664, 156, 673, 162, 423, 424, 172, 182, 439, 696, 441, 450, 456, 202, 715, 716, 718, 720, 465, 211, 467, 468, 469, 726, 219, 736, 233, 234, 749, 750, 241, 243, 502, 764, 253]
r15_r: [0, 512, 514, 264, 521, 11, 525, 14, 15, 784, 529, 785, 274, 28, 797, 30, 31, 543, 289, 34, 38, 554, 811, 44, 812, 815, 305, 818, 307, 52, 566, 55, 567, 313, 315, 63, 835, 68, 324, 69, 327, 583, 839, 72, 328, 73, 587, 333, 81, 337, 348, 351, 867, 104, 875, 365, 878, 367, 879, 884, 373, 374, 127, 383, 128, 896, 129, 388, 136, 648, 651, 658, 666, 674, 168, 169, 173, 687, 432, 184, 443, 705, 708, 199, 721, 215, 728, 218, 475, 220, 221, 235, 496, 753, 244, 758, 759, 249, 762, 255, 767]
r16_l: [515, 516, 7, 520, 524, 526, 21, 23, 546, 548, 39, 551, 552, 41, 43, 558, 560, 562, 51, 563, 565, 59, 60, 61, 573, 575, 64, 576, 577, 66, 67, 70, 71, 75, 79, 80, 592, 593, 595, 596, 597, 598, 87, 88, 91, 603, 100, 613, 102, 615, 618, 626, 115, 628, 118, 631, 123, 636, 125, 126, 640, 642, 644, 645, 649, 653, 654, 143, 144, 657, 150, 663, 664, 156, 158, 673, 162, 172, 174, 686, 182, 694, 695, 696, 185, 706, 196, 709, 200, 202, 715, 716, 205, 206, 718, 719, 720, 211, 212, 213, 726, 729, 219, 222, 735, 736, 737, 227, 740, 742, 233, 745, 234, 747, 749, 750, 241, 243, 755, 250, 764, 253, 766, 768, 257, 262, 776, 265, 777, 275, 788, 789, 279, 280, 284, 285, 798, 287, 799, 801, 804, 807, 296, 809, 301, 302, 814, 304, 306, 309, 310, 822, 824, 314, 827, 317, 829, 831, 321, 322, 325, 326, 838, 842, 332, 335, 338, 341, 342, 856, 346, 858, 347, 861, 352, 869, 358, 872, 363, 876, 877, 880, 371, 372, 885, 887, 893, 895, 384, 385, 897, 390, 393, 395, 396, 402, 403, 406, 414, 420, 423, 424, 426, 439, 441, 445, 450, 456, 465, 467, 468, 469, 479, 502, 505]
r16_r: [0, 128, 512, 896, 129, 514, 136, 648, 521, 651, 525, 14, 15, 784, 529, 785, 274, 658, 28, 797, 543, 289, 674, 168, 169, 554, 682, 811, 44, 812, 173, 687, 815, 818, 307, 52, 566, 567, 184, 313, 315, 443, 705, 835, 708, 199, 327, 583, 839, 72, 328, 73, 587, 81, 721, 215, 728, 475, 220, 348, 221, 351, 867, 104, 875, 365, 111, 367, 879, 496, 244, 884, 373, 374, 758, 249, 762, 127, 255, 767]
r17_l: [515, 516, 7, 520, 524, 526, 527, 21, 23, 27, 546, 548, 549, 39, 551, 552, 41, 553, 43, 45, 558, 560, 562, 51, 563, 565, 59, 571, 60, 61, 573, 575, 64, 576, 577, 66, 67, 70, 71, 585, 75, 588, 79, 80, 592, 593, 82, 595, 596, 597, 598, 87, 88, 91, 603, 605, 608, 97, 610, 100, 613, 102, 615, 105, 618, 108, 626, 115, 116, 628, 118, 631, 123, 636, 125, 126, 640, 642, 644, 645, 649, 138, 653, 142, 654, 143, 655, 144, 657, 147, 150, 663, 664, 156, 157, 158, 159, 673, 162, 677, 680, 172, 174, 686, 182, 694, 695, 696, 185, 706, 196, 709, 710, 200, 202, 715, 716, 205, 206, 718, 719, 720, 211, 212, 213, 726, 729, 219, 731, 222, 735, 736, 737, 227, 740, 742, 231, 233, 745, 234, 746, 747, 749, 750, 751, 241, 243, 755, 245, 250, 764, 253, 766, 768, 257, 262, 776, 265, 777, 780, 275, 788, 789, 279, 280, 793, 284, 285, 798, 287, 799, 288, 801, 804, 807, 296, 297, 809, 301, 302, 814, 304, 306, 309, 310, 822, 824, 314, 827, 317, 829, 831, 321, 322, 834, 325, 837, 326, 838, 842, 332, 846, 335, 338, 341, 342, 856, 345, 346, 858, 347, 861, 352, 353, 355, 869, 358, 872, 363, 876, 877, 880, 371, 372, 885, 375, 887, 889, 893, 895, 384, 385, 897, 899, 390, 393, 395, 396, 402, 403, 406, 410, 414, 419, 420, 423, 424, 425, 426, 439, 441, 445, 450, 456, 465, 467, 468, 469, 479, 497, 502, 505]
r17_r: [0, 512, 2, 514, 4, 517, 518, 775, 264, 521, 11, 523, 525, 14, 15, 784, 17, 529, 785, 274, 786, 276, 539, 28, 29, 541, 797, 30, 542, 31, 543, 800, 289, 34, 291, 38, 554, 811, 44, 812, 46, 303, 815, 305, 818, 307, 52, 54, 566, 55, 567, 568, 313, 569, 315, 316, 62, 318, 63, 319, 835, 68, 324, 69, 581, 327, 583, 839, 72, 328, 840, 73, 841, 587, 333, 81, 337, 849, 83, 601, 90, 348, 93, 862, 95, 351, 867, 104, 619, 875, 365, 878, 111, 367, 879, 884, 373, 374, 120, 635, 127, 383, 128, 896, 129, 131, 132, 388, 646, 136, 648, 650, 651, 141, 145, 658, 662, 154, 666, 415, 671, 418, 674, 166, 422, 168, 169, 682, 173, 430, 687, 432, 177, 178, 434, 436, 692, 693, 184, 442, 443, 188, 701, 702, 447, 703, 448, 704, 449, 705, 707, 708, 454, 199, 455, 714, 460, 207, 464, 209, 721, 724, 214, 215, 728, 218, 475, 220, 221, 225, 481, 482, 486, 489, 235, 236, 496, 753, 244, 501, 757, 246, 758, 759, 249, 762, 255, 767]
r18_l: [515, 516, 7, 520, 524, 526, 527, 530, 21, 23, 24, 25, 26, 27, 33, 546, 548, 549, 39, 551, 552, 41, 553, 43, 45, 558, 48, 560, 562, 51, 563, 53, 565, 571, 60, 61, 573, 575, 64, 576, 577, 66, 578, 67, 70, 71, 585, 75, 588, 79, 80, 592, 593, 82, 595, 596, 597, 598, 87, 599, 88, 91, 603, 605, 608, 97, 609, 98, 610, 100, 613, 102, 615, 105, 618, 107, 108, 110, 626, 115, 116, 628, 118, 631, 634, 123, 636, 125, 126, 639, 640, 642, 644, 645, 649, 653, 142, 654, 143, 655, 144, 657, 147, 659, 150, 663, 664, 665, 156, 157, 158, 159, 673, 162, 678, 167, 680, 171, 172, 174, 686, 182, 694, 183, 695, 696, 185, 191, 192, 706, 196, 197, 709, 198, 710, 200, 202, 715, 716, 205, 717, 206, 718, 719, 720, 211, 212, 213, 726, 729, 730, 219, 731, 733, 222, 734, 735, 736, 737, 227, 740, 229, 742, 231, 233, 745, 234, 747, 237, 749, 750, 751, 241, 243, 755, 245, 760, 250, 764, 253, 766, 256, 768, 257, 258, 772, 262, 776, 265, 777, 780, 270, 271, 275, 787, 788, 277, 789, 278, 279, 791, 280, 793, 283, 284, 285, 798, 287, 799, 288, 801, 292, 804, 293, 805, 807, 296, 297, 809, 301, 302, 814, 304, 306, 309, 310, 822, 824, 314, 827, 317, 829, 831, 321, 322, 834, 323, 325, 837, 326, 838, 842, 331, 332, 846, 335, 336, 338, 850, 341, 342, 854, 855, 856, 345, 346, 858, 347, 860, 861, 352, 353, 355, 357, 869, 358, 872, 363, 876, 877, 880, 371, 372, 885, 887, 888, 889, 893, 895, 384, 385, 897, 898, 390, 393, 395, 396, 397, 398, 400, 402, 403, 406, 410, 412, 414, 417, 419, 420, 423, 424, 425, 426, 429, 437, 439, 441, 445, 446, 450, 451, 452, 456, 462, 463, 465, 467, 468, 469, 473, 479, 490, 493, 495, 497, 502, 505]
r18_r: [0, 512, 2, 514, 4, 517, 518, 775, 264, 521, 11, 523, 525, 14, 15, 784, 17, 529, 785, 274, 786, 276, 539, 28, 29, 541, 797, 30, 542, 31, 543, 800, 289, 34, 291, 38, 554, 811, 44, 812, 46, 303, 815, 305, 818, 307, 52, 54, 566, 55, 567, 568, 313, 569, 315, 316, 62, 318, 63, 319, 835, 68, 324, 69, 581, 327, 583, 839, 72, 328, 840, 73, 841, 587, 333, 81, 337, 849, 83, 601, 90, 348, 93, 862, 95, 351, 867, 104, 619, 875, 365, 878, 111, 367, 879, 884, 373, 374, 120, 635, 127, 383, 128, 896, 129, 131, 132, 388, 646, 136, 648, 650, 651, 141, 145, 658, 662, 154, 666, 415, 671, 418, 674, 166, 422, 168, 169, 682, 173, 430, 687, 432, 177, 178, 434, 436, 692, 693, 184, 442, 443, 188, 701, 702, 447, 703, 448, 704, 449, 705, 707, 708, 454, 199, 455, 714, 460, 207, 464, 209, 721, 724, 214, 215, 728, 218, 475, 220, 221, 225, 481, 482, 486, 489, 235, 236, 496, 753, 244, 501, 757, 246, 758, 759, 249, 762, 255, 767]
r19_l: [387, 388, 518, 263, 391, 10, 650, 778, 783, 528, 785, 658, 542, 415, 32, 545, 34, 290, 803, 165, 682, 684, 557, 430, 47, 303, 432, 178, 307, 52, 181, 438, 58, 700, 318, 195, 707, 836, 69, 581, 454, 841, 714, 843, 204, 77, 334, 464, 848, 849, 339, 472, 601, 859, 604, 93, 864, 739, 485, 487, 622, 878, 111, 499, 627, 629, 246, 374, 249, 377, 378, 765, 127]
r19_r: [0, 512, 2, 514, 4, 517, 775, 264, 521, 11, 523, 525, 14, 15, 784, 17, 274, 786, 276, 29, 541, 797, 30, 31, 543, 800, 289, 291, 38, 554, 811, 812, 46, 815, 305, 818, 54, 566, 55, 567, 568, 313, 569, 315, 316, 62, 63, 319, 835, 68, 324, 583, 839, 72, 328, 840, 73, 587, 333, 81, 337, 83, 90, 348, 862, 351, 867, 104, 619, 875, 365, 367, 879, 884, 373, 120, 383, 128, 896, 129, 131, 132, 646, 136, 651, 141, 145, 662, 154, 666, 671, 418, 674, 166, 422, 168, 169, 173, 687, 177, 434, 436, 692, 693, 184, 442, 443, 188, 701, 447, 703, 448, 704, 449, 705, 708, 199, 455, 460, 207, 209, 721, 724, 215, 728, 218, 475, 220, 221, 225, 481, 482, 486, 489, 235, 236, 496, 753, 244, 501, 757, 758, 759, 762, 255, 767]
r20_l: [1, 3, 5, 10, 12, 16, 19, 20, 21, 24, 25, 26, 27, 33, 36, 37, 39, 40, 41, 42, 43, 47, 48, 49, 50, 51, 53, 56, 57, 61, 65, 67, 70, 74, 76, 77, 78, 80, 84, 85, 88, 89, 94, 96, 98, 100, 101, 102, 105, 106, 107, 108, 109, 110, 112, 114, 115, 119, 121, 123, 124, 130, 133, 135, 137, 139, 140, 144, 148, 149, 150, 151, 153, 155, 158, 159, 162, 163, 164, 167, 170, 171, 172, 175, 176, 180, 181, 185, 186, 187, 190, 191, 193, 194, 195, 197, 203, 204, 206, 208, 210, 219, 222, 223, 224, 226, 230, 232, 233, 238, 239, 242, 243, 245, 247, 248, 251, 252, 253, 254, 256, 258, 259, 260, 262, 263, 266, 268, 269, 270, 272, 278, 279, 280, 282, 283, 284, 290, 292, 293, 294, 296, 298, 300, 301, 306, 308, 311, 312, 314, 320, 321, 325, 329, 331, 332, 334, 335, 336, 339, 340, 345, 346, 349, 352, 356, 357, 359, 360, 361, 362, 363, 364, 368, 376, 377, 378, 379, 381, 382, 385, 386, 387, 389, 390, 391, 392, 393, 395, 397, 398, 399, 400, 401, 402, 403, 404, 406, 408, 410, 411, 413, 417, 420, 423, 427, 435, 441, 450, 452, 457, 458, 462, 466, 468, 470, 472, 473, 474, 477, 480, 483, 484, 487, 490, 491, 493, 494, 495, 498, 499, 500, 503, 504, 505, 507, 508, 510, 511, 513, 515, 519, 522, 526, 528, 530, 531, 532, 533, 534, 536, 537, 544, 545, 546, 547, 548, 549, 550, 551, 552, 555, 557, 558, 559, 561, 562, 564, 570, 572, 574, 575, 576, 578, 580, 582, 583, 586, 588, 589, 599, 600, 603, 606, 607, 609, 610, 611, 612, 613, 614, 616, 617, 621, 623, 624, 625, 627, 628, 629, 630, 631, 636, 637, 638, 639, 640, 641, 643, 644, 645, 647, 649, 652, 656, 657, 659, 660, 665, 667, 668, 669, 670, 672, 675, 676, 679, 680, 684, 685, 688, 690, 696, 697, 698, 699, 700, 706, 709, 710, 711, 712, 713, 716, 717, 718, 719, 723, 727, 729, 730, 732, 734, 736, 739, 743, 744, 750, 754, 761, 763, 766, 768, 770, 773, 774, 776, 778, 781, 782, 783, 787, 790, 791, 792, 794, 795, 796, 798, 801, 802, 803, 805, 808, 810, 813, 817, 819, 821, 822, 823, 825, 826, 828, 829, 830, 832, 833, 834, 842, 843, 844, 845, 848, 850, 851, 855, 857, 858, 859, 860, 861, 864, 868, 869, 870, 871, 872, 873, 876, 877, 879, 880, 881, 882, 883, 886, 888, 889, 890, 891, 892, 893, 894]
r20_r: [0, 769, 771, 516, 261, 6, 7, 8, 521, 11, 524, 780, 525, 15, 271, 784, 18, 274, 788, 535, 793, 285, 541, 31, 287, 799, 35, 38, 812, 45, 304, 818, 52, 309, 567, 313, 58, 827, 831, 69, 838, 583, 839, 73, 333, 79, 591, 82, 338, 83, 852, 341, 87, 856, 351, 353, 99, 355, 103, 875, 620, 367, 879, 369, 371, 884, 373, 634, 893, 127, 383, 128, 896, 129, 897, 388, 136, 648, 653, 143, 655, 147, 405, 661, 407, 409, 674, 168, 169, 682, 687, 689, 182, 439, 695, 184, 440, 444, 192, 705, 451, 198, 199, 200, 459, 721, 211, 212, 213, 471, 728, 475, 476, 221, 479, 227, 489, 235, 492, 749, 752, 241, 753, 759, 506, 767]
r21_l: [0, 512, 2, 514, 771, 4, 6, 775, 8, 264, 9, 521, 11, 779, 14, 15, 784, 17, 786, 540, 29, 541, 797, 30, 31, 543, 800, 289, 35, 291, 38, 295, 554, 299, 811, 812, 46, 815, 305, 818, 54, 566, 55, 567, 568, 313, 569, 315, 316, 62, 63, 319, 835, 68, 324, 839, 72, 328, 584, 840, 73, 587, 333, 590, 847, 81, 337, 594, 852, 853, 90, 602, 348, 350, 862, 351, 99, 867, 103, 104, 619, 875, 365, 366, 367, 370, 884, 373, 120, 122, 383, 128, 896, 129, 131, 132, 134, 136, 394, 651, 141, 145, 146, 662, 407, 152, 154, 666, 671, 160, 416, 418, 674, 166, 422, 168, 169, 681, 428, 173, 687, 177, 433, 434, 436, 692, 693, 184, 440, 442, 443, 188, 444, 701, 447, 703, 448, 704, 449, 705, 708, 453, 199, 455, 459, 460, 209, 721, 724, 725, 215, 728, 217, 218, 475, 220, 476, 221, 225, 481, 482, 738, 228, 486, 488, 235, 236, 748, 240, 496, 752, 753, 244, 757, 758, 759, 762, 509, 255, 767]
r21_r: [513, 833, 3, 519, 713, 74, 19, 851, 85, 795, 732, 413, 606, 96, 544, 672, 802, 675, 36, 679, 232, 808, 106, 298, 364, 621, 685, 176, 368, 688, 498, 819, 886, 119, 503, 761, 186, 890, 508, 510, 638, 511]
r22_l: [0, 512, 2, 514, 4, 517, 6, 518, 8, 9, 521, 11, 523, 14, 15, 17, 529, 539, 28, 540, 29, 541, 30, 542, 31, 543, 32, 34, 35, 38, 554, 44, 556, 46, 54, 566, 55, 567, 568, 569, 58, 62, 63, 579, 68, 69, 581, 72, 584, 73, 587, 590, 81, 594, 86, 601, 90, 602, 604, 93, 95, 99, 103, 104, 619, 622, 111, 120, 122, 635, 127, 128, 129, 131, 132, 134, 646, 136, 648, 650, 651, 141, 145, 146, 658, 662, 152, 154, 666, 671, 160, 674, 165, 166, 168, 169, 681, 682, 683, 173, 687, 177, 178, 692, 693, 184, 188, 701, 702, 703, 704, 705, 707, 708, 199, 201, 714, 207, 209, 721, 722, 724, 725, 214, 215, 728, 217, 218, 220, 221, 225, 738, 228, 235, 236, 748, 240, 752, 753, 244, 757, 246, 758, 759, 249, 762, 765, 255, 767, 771, 775, 264, 267, 779, 784, 785, 786, 276, 281, 797, 800, 289, 291, 295, 299, 811, 812, 303, 815, 816, 305, 818, 307, 313, 315, 316, 318, 319, 835, 324, 836, 327, 839, 328, 840, 841, 333, 847, 337, 849, 852, 853, 343, 348, 350, 862, 351, 354, 867, 874, 875, 365, 366, 878, 367, 370, 884, 373, 374, 383, 896, 388, 394, 407, 415, 416, 418, 421, 422, 428, 430, 432, 433, 434, 436, 438, 440, 442, 443, 444, 447, 448, 449, 453, 454, 455, 459, 460, 464, 475, 476, 478, 481, 482, 485, 486, 488, 496, 501, 509]
r22_r: [1, 513, 3, 515, 5, 519, 526, 16, 530, 19, 20, 532, 21, 534, 24, 25, 26, 27, 544, 33, 546, 547, 36, 548, 549, 39, 551, 40, 552, 41, 43, 558, 48, 561, 50, 562, 51, 53, 570, 572, 61, 574, 575, 576, 578, 67, 580, 70, 582, 74, 586, 588, 589, 78, 80, 85, 599, 88, 600, 89, 603, 94, 606, 607, 96, 609, 98, 610, 100, 101, 613, 102, 616, 105, 617, 106, 107, 108, 621, 110, 623, 112, 624, 625, 114, 115, 628, 630, 119, 631, 121, 123, 124, 636, 637, 638, 639, 640, 641, 130, 644, 645, 647, 649, 140, 652, 144, 656, 657, 659, 148, 150, 153, 665, 668, 669, 158, 670, 159, 672, 162, 163, 675, 164, 167, 679, 680, 171, 172, 685, 175, 176, 688, 690, 180, 696, 185, 697, 186, 698, 187, 699, 190, 191, 193, 194, 706, 197, 709, 710, 712, 713, 203, 716, 717, 206, 718, 719, 208, 729, 730, 219, 732, 222, 734, 224, 736, 230, 743, 232, 233, 237, 750, 239, 242, 754, 243, 756, 245, 247, 761, 251, 253, 254, 766, 256, 768, 258, 259, 260, 773, 262, 774, 776, 266, 268, 270, 782, 272, 787, 278, 790, 279, 791, 280, 792, 282, 283, 795, 284, 798, 801, 802, 292, 293, 805, 294, 296, 808, 298, 810, 300, 301, 813, 817, 306, 819, 308, 821, 822, 311, 823, 825, 314, 826, 828, 829, 321, 833, 834, 325, 329, 842, 331, 332, 844, 845, 335, 336, 850, 851, 855, 345, 857, 346, 858, 860, 349, 861, 352, 356, 357, 869, 870, 360, 872, 362, 363, 364, 876, 877, 368, 880, 881, 882, 883, 886, 376, 888, 889, 890, 379, 891, 892, 381, 382, 894, 385, 386, 389, 390, 392, 393, 395, 397, 398, 399, 400, 402, 403, 406, 410, 411, 413, 417, 420, 423, 427, 435, 437, 441, 450, 452, 457, 458, 462, 463, 466, 468, 470, 473, 477, 484, 490, 491, 493, 495, 498, 500, 503, 504, 505, 507, 508, 510, 511]
r23_l: [0, 512, 2, 514, 4, 517, 6, 518, 8, 9, 521, 11, 523, 13, 525, 14, 15, 17, 529, 18, 22, 539, 28, 540, 29, 541, 30, 542, 31, 543, 32, 34, 35, 38, 554, 44, 556, 46, 54, 566, 55, 567, 568, 569, 58, 62, 63, 579, 68, 69, 581, 72, 584, 73, 587, 590, 81, 594, 86, 601, 90, 602, 92, 604, 93, 95, 99, 103, 104, 619, 620, 622, 111, 117, 120, 632, 633, 122, 635, 127, 128, 129, 131, 132, 134, 646, 136, 648, 650, 651, 141, 145, 146, 658, 661, 662, 152, 154, 666, 671, 160, 161, 674, 165, 166, 168, 169, 681, 682, 683, 173, 687, 177, 689, 178, 692, 693, 184, 188, 189, 701, 702, 703, 704, 705, 707, 708, 199, 201, 714, 207, 209, 721, 722, 724, 725, 214, 215, 216, 728, 217, 218, 220, 221, 225, 738, 228, 741, 235, 236, 748, 240, 752, 753, 244, 757, 246, 758, 759, 249, 762, 765, 255, 767, 771, 261, 775, 264, 267, 779, 784, 273, 785, 786, 276, 281, 797, 800, 289, 291, 806, 295, 299, 811, 812, 303, 815, 816, 305, 818, 307, 820, 313, 315, 316, 318, 319, 835, 324, 836, 327, 839, 328, 840, 841, 330, 333, 847, 337, 849, 852, 853, 343, 344, 348, 350, 862, 351, 863, 865, 354, 866, 867, 874, 875, 365, 366, 878, 367, 370, 884, 373, 374, 380, 383, 896, 388, 394, 405, 407, 415, 416, 418, 421, 422, 428, 430, 431, 432, 433, 434, 436, 438, 440, 442, 443, 444, 447, 448, 449, 453, 454, 455, 459, 460, 461, 464, 471, 475, 476, 478, 481, 482, 485, 486, 488, 496, 501, 506, 509]
r23_r: [1, 513, 3, 515, 5, 519, 526, 16, 530, 19, 20, 532, 21, 534, 24, 25, 26, 27, 544, 33, 546, 547, 36, 548, 549, 39, 551, 40, 552, 41, 43, 558, 48, 561, 50, 562, 51, 53, 570, 572, 61, 574, 575, 576, 578, 67, 580, 70, 582, 74, 586, 588, 589, 78, 80, 85, 599, 88, 600, 89, 603, 94, 606, 607, 96, 609, 98, 610, 100, 101, 613, 102, 616, 105, 617, 106, 107, 108, 621, 110, 623, 112, 624, 625, 114, 115, 628, 630, 119, 631, 121, 123, 124, 636, 637, 638, 639, 640, 641, 130, 644, 645, 647, 649, 140, 652, 144, 656, 657, 659, 148, 150, 153, 665, 668, 669, 158, 670, 159, 672, 162, 163, 675, 164, 167, 679, 680, 171, 172, 685, 175, 176, 688, 690, 180, 696, 185, 697, 186, 698, 187, 699, 190, 191, 193, 194, 706, 197, 709, 710, 712, 713, 203, 716, 717, 206, 718, 719, 208, 729, 730, 219, 732, 222, 734, 224, 736, 230, 743, 232, 233, 237, 750, 239, 242, 754, 243, 756, 245, 247, 761, 251, 253, 254, 766, 256, 768, 258, 259, 260, 773, 262, 774, 776, 266, 268, 270, 782, 272, 787, 278, 790, 279, 791, 280, 792, 282, 283, 795, 284, 798, 801, 802, 292, 293, 805, 294, 296, 808, 298, 810, 300, 301, 813, 817, 306, 819, 308, 821, 822, 311, 823, 825, 314, 826, 828, 829, 321, 833, 834, 325, 329, 842, 331, 332, 844, 845, 335, 336, 850, 851, 855, 345, 857, 346, 858, 860, 349, 861, 352, 356, 357, 869, 870, 360, 872, 362, 363, 364, 876, 877, 368, 880, 881, 882, 883, 886, 376, 888, 889, 890, 379, 891, 892, 381, 382, 894, 385, 386, 389, 390, 392, 393, 395, 397, 398, 399, 400, 402, 403, 406, 410, 411, 413, 417, 420, 423, 427, 435, 437, 441, 450, 452, 457, 458, 462, 463, 466, 468, 470, 473, 477, 484, 490, 491, 493, 495, 498, 500, 503, 504, 505, 507, 508, 510, 511]
