r1_l: [192, 66, 132, 196, 197, 9, 202, 12, 205, 142, 16, 17, 145, 83, 214, 157, 221, 30, 95, 35, 163, 37, 167, 174, 47, 51, 118, 182, 58, 186]
r1_r: [128, 129, 2, 130, 3, 4, 5, 135, 10, 138, 11, 140, 141, 15, 143, 18, 19, 147, 21, 149, 152, 25, 26, 154, 27, 158, 159, 32, 33, 161, 162, 36, 166, 169, 42, 170, 43, 44, 172, 45, 173, 46, 48, 49, 50, 179, 180, 53, 54, 184, 190, 63, 65, 193, 195, 68, 198, 71, 199, 76, 78, 80, 208, 81, 82, 212, 85, 213, 87, 217, 90, 218, 220, 93, 94, 222, 96, 97, 98, 99, 102, 107, 108, 111, 116, 117, 119, 120, 121, 125, 127]
r2_l: [132, 135, 136, 9, 138, 12, 142, 16, 17, 145, 22, 150, 156, 157, 30, 160, 34, 35, 163, 36, 37, 165, 167, 45, 174, 47, 176, 50, 51, 182, 55, 183, 58, 186, 59, 188, 192, 66, 194, 196, 69, 197, 201, 202, 204, 77, 205, 210, 83, 214, 88, 216, 92, 221, 95, 100, 103, 109, 118, 123]
r2_r: [2, 130, 4, 133, 6, 137, 11, 141, 15, 143, 19, 147, 152, 25, 154, 27, 158, 159, 32, 33, 161, 162, 42, 170, 171, 44, 46, 175, 49, 179, 52, 180, 53, 54, 184, 61, 190, 63, 65, 68, 198, 199, 75, 78, 80, 208, 81, 84, 212, 213, 87, 91, 220, 93, 94, 222, 96, 97, 98, 99, 102, 107, 111, 112, 113, 116, 117, 120, 121, 122, 124, 126]
r3_l: [129, 130, 132, 135, 136, 9, 138, 11, 139, 12, 142, 15, 17, 145, 19, 147, 150, 151, 152, 156, 157, 159, 34, 163, 36, 37, 165, 167, 169, 172, 45, 47, 50, 51, 52, 53, 182, 55, 183, 184, 58, 186, 59, 61, 192, 194, 68, 196, 69, 197, 71, 201, 202, 77, 80, 81, 210, 83, 85, 214, 215, 216, 217, 221, 95, 96, 100, 102, 103, 106, 107, 118, 119, 123, 126, 127]
r3_r: [0, 1, 2, 3, 4, 5, 6, 8, 10, 13, 15, 18, 20, 21, 23, 24, 25, 26, 27, 32, 33, 35, 38, 39, 40, 41, 42, 43, 44, 46, 48, 49, 54, 61, 62, 63, 64, 65, 66, 67, 68, 70, 72, 73, 74, 75, 76, 78, 79, 82, 84, 86, 87, 90, 91, 93, 94, 97, 98, 99, 101, 104, 105, 108, 110, 111, 112, 113, 114, 115, 116, 117, 120, 121, 122, 124, 128, 131, 133, 137, 140, 141, 143, 144, 146, 148, 149, 153, 155, 158, 161, 162, 164, 166, 170, 171, 172, 173, 175, 177, 178, 179, 180, 185, 187, 189, 190, 193, 195, 198, 199, 203, 207, 208, 211, 212, 213, 218, 219, 220, 222]
r4_l: [128, 129, 3, 132, 5, 134, 7, 136, 9, 11, 139, 140, 16, 17, 145, 18, 21, 22, 150, 151, 152, 28, 156, 29, 158, 31, 160, 161, 34, 163, 37, 165, 166, 167, 40, 168, 174, 176, 51, 179, 180, 181, 55, 183, 57, 186, 59, 60, 188, 191, 194, 195, 69, 197, 71, 201, 202, 76, 204, 205, 78, 206, 208, 209, 210, 83, 85, 88, 216, 217, 92, 220, 221, 95, 97, 100, 102, 103, 106, 109, 118, 119, 123, 127]
r4_r: [0, 193, 130, 67, 68, 6, 72, 73, 10, 82, 211, 84, 149, 23, 25, 26, 90, 154, 218, 222, 39, 41, 169, 43, 108, 172, 173, 48, 178, 187, 125, 189, 190, 63]
r5_l: [2, 130, 67, 68, 6, 72, 73, 10, 74, 82, 146, 211, 20, 149, 23, 25, 26, 90, 154, 218, 222, 96, 33, 41, 169, 172, 173, 110, 48, 116, 121, 125, 189, 62, 190, 63]
r5_r: [192, 66, 132, 196, 197, 9, 201, 138, 202, 12, 77, 205, 142, 16, 17, 145, 83, 214, 92, 156, 221, 30, 95, 35, 163, 37, 167, 45, 174, 47, 51, 118, 182, 55, 58, 186, 59]
r6_l: [128, 129, 2, 130, 4, 8, 137, 10, 11, 13, 144, 18, 146, 20, 148, 149, 23, 25, 26, 154, 155, 33, 161, 166, 41, 169, 43, 172, 173, 48, 177, 179, 180, 54, 185, 189, 62, 190, 63, 64, 65, 193, 67, 68, 70, 198, 71, 199, 72, 73, 74, 75, 76, 78, 79, 207, 208, 82, 211, 84, 213, 217, 90, 218, 91, 220, 222, 97, 101, 102, 105, 110, 111, 113, 114, 115, 121, 124, 125, 127]
r6_r: [192, 66, 132, 196, 197, 9, 201, 138, 202, 12, 77, 205, 142, 16, 17, 145, 83, 214, 156, 221, 30, 95, 35, 163, 37, 167, 40, 45, 174, 47, 50, 51, 181, 118, 182, 55, 57, 58, 186, 59]
r7_l: [128, 1, 2, 3, 131, 4, 133, 6, 134, 7, 8, 137, 10, 140, 13, 14, 143, 16, 20, 21, 23, 25, 153, 26, 27, 29, 158, 32, 33, 164, 166, 39, 40, 168, 42, 170, 43, 44, 174, 175, 48, 49, 178, 181, 54, 56, 57, 185, 187, 62, 191, 65, 193, 66, 67, 195, 198, 199, 72, 200, 74, 75, 204, 205, 207, 209, 82, 211, 84, 213, 87, 88, 89, 218, 219, 92, 94, 222, 98, 99, 101, 105, 108, 109, 110, 112, 113, 114, 115, 116, 117, 120, 122, 124]
r7_r: [194, 132, 196, 197, 135, 136, 202, 12, 77, 142, 80, 17, 81, 145, 210, 147, 85, 214, 152, 216, 217, 156, 221, 95, 159, 96, 34, 163, 36, 165, 107, 45, 47, 51, 52, 53, 182, 183, 186, 59, 123]
