r1_l: [0, 65, 2, 66, 3, 4, 69, 390, 8, 144, 208, 147, 154, 221, 158, 289, 227, 228, 422, 235, 236, 237, 365, 432, 305, 369, 370, 243, 307, 371, 308, 372, 377, 314, 379]
r1_r: [6, 9, 11, 13, 14, 15, 16, 17, 18, 19, 20, 23, 24, 25, 26, 28, 29, 30, 31, 32, 33, 34, 35, 36, 37, 38, 39, 40, 41, 42, 43, 44, 45, 46, 47, 48, 52, 53, 55, 56, 57, 58, 59, 60, 61, 62, 64, 71, 72, 73, 74, 75, 76, 77, 78, 79, 80, 81, 82, 83, 84, 85, 86, 87, 88, 89, 90, 91, 92, 94, 95, 98, 99, 100, 101, 102, 103, 104, 105, 108, 109, 110, 111, 112, 113, 114, 115, 116, 117, 118, 119, 120, 121, 122, 123, 124, 125, 126, 128, 129, 130, 131, 132, 133, 134, 136, 138, 139, 141, 142, 143, 146, 148, 150, 153, 155, 156, 157, 159, 160, 161, 162, 164, 167, 168, 169, 171, 172, 173, 175, 178, 179, 181, 184, 185, 188, 189, 190, 193, 194, 195, 196, 198, 199, 200, 201, 202, 205, 206, 207, 209, 210, 212, 213, 215, 217, 219, 220, 222, 223, 224, 225, 226, 229, 232, 239, 240, 241, 242, 244, 245, 246, 247, 248, 250, 252, 254, 255, 257, 258, 259, 261, 262, 264, 266, 267, 268, 269, 270, 272, 273, 275, 276, 278, 279, 281, 283, 284, 285, 287, 288, 291, 292, 293, 294, 295, 296, 297, 299, 301, 309, 310, 311, 313, 315, 316, 317, 319, 320, 322, 323, 324, 325, 327, 328, 329, 330, 331, 332, 333, 334, 337, 339, 340, 341, 343, 344, 345, 347, 348, 349, 350, 351, 352, 353, 354, 355, 356, 358, 360, 361, 362, 363, 367, 375, 376, 378, 380, 381, 383, 384, 385, 386, 387, 388, 391, 392, 394, 395, 396, 397, 398, 399, 400, 402, 403, 404, 405, 407, 408, 409, 410, 411, 412, 413, 415, 417, 418, 421, 423, 424, 425, 428, 429, 430, 431]
r2_l: [256, 257, 258, 13, 269, 14, 272, 273, 275, 23, 24, 25, 26, 28, 29, 32, 36, 38, 294, 40, 41, 297, 46, 302, 48, 52, 53, 54, 310, 55, 311, 313, 316, 317, 319, 320, 322, 323, 324, 325, 71, 73, 74, 75, 331, 332, 333, 334, 81, 82, 338, 83, 84, 340, 85, 341, 86, 343, 88, 89, 345, 348, 94, 95, 98, 354, 99, 100, 101, 104, 361, 110, 111, 113, 114, 115, 116, 121, 380, 125, 381, 383, 385, 130, 132, 388, 389, 136, 394, 395, 398, 399, 400, 146, 402, 403, 148, 404, 150, 152, 408, 409, 155, 411, 412, 157, 413, 160, 161, 162, 418, 421, 167, 423, 171, 428, 173, 430, 175, 176, 178, 179, 181, 184, 188, 190, 194, 195, 196, 198, 200, 202, 205, 206, 209, 210, 212, 220, 222, 229, 239, 240, 241, 246, 247, 248, 250, 254, 255]
r2_r: [321, 2, 66, 3, 67, 69, 70, 390, 8, 271, 208, 336, 401, 274, 149, 22, 342, 216, 280, 282, 27, 93, 221, 286, 96, 289, 163, 230, 298, 174, 238, 366, 304, 368, 369, 50, 306, 51, 307, 183, 312, 377, 314, 187, 253, 382, 127]
r3_l: [0, 4, 13, 14, 15, 17, 23, 24, 25, 26, 28, 29, 31, 32, 33, 34, 36, 38, 40, 41, 42, 43, 44, 46, 47, 48, 52, 53, 54, 55, 57, 58, 61, 65, 71, 72, 73, 74, 75, 81, 82, 83, 84, 85, 86, 88, 89, 92, 94, 95, 98, 99, 100, 101, 104, 105, 109, 110, 111, 113, 114, 115, 116, 120, 121, 122, 125, 130, 132, 133, 136, 138, 142, 146, 148, 150, 152, 155, 156, 157, 160, 161, 162, 167, 169, 171, 173, 175, 178, 179, 181, 184, 185, 188, 190, 193, 194, 195, 196, 198, 200, 202, 205, 206, 209, 210, 212, 217, 220, 222, 227, 228, 229, 231, 236, 239, 240, 241, 242, 244, 246, 247, 248, 250, 252, 254, 255, 256, 257, 258, 266, 267, 269, 272, 273, 275, 276, 278, 281, 283, 285, 292, 293, 294, 297, 301, 302, 310, 311, 313, 316, 317, 319, 320, 322, 323, 324, 325, 331, 332, 333, 334, 337, 340, 341, 343, 344, 345, 348, 349, 354, 357, 361, 362, 379, 380, 381, 383, 385, 387, 388, 394, 395, 398, 399, 400, 402, 403, 404, 408, 409, 411, 412, 413, 418, 421, 423, 428, 429, 430]
r3_r: [3, 67, 69, 197, 390, 203, 271, 208, 145, 401, 274, 211, 149, 342, 280, 93, 289, 230, 422, 233, 106, 298, 107, 427, 238, 366, 304, 369, 306, 51, 307, 374, 312, 314, 187]
r4_l: [321, 2, 66, 3, 67, 69, 70, 390, 8, 271, 208, 336, 401, 274, 149, 22, 342, 216, 280, 282, 27, 93, 221, 286, 96, 289, 163, 230, 298, 174, 238, 366, 304, 368, 369, 50, 306, 51, 307, 183, 312, 377, 314, 187, 253, 382, 127]
r4_r: [256, 257, 258, 13, 269, 14, 272, 273, 275, 23, 24, 25, 26, 28, 29, 32, 35, 36, 38, 294, 40, 41, 297, 46, 302, 48, 52, 53, 54, 310, 55, 311, 313, 316, 317, 319, 320, 322, 323, 324, 325, 71, 73, 74, 75, 331, 332, 333, 334, 81, 82, 338, 83, 84, 340, 85, 341, 86, 343, 88, 89, 345, 348, 94, 95, 98, 354, 99, 100, 101, 104, 361, 110, 111, 113, 114, 115, 116, 121, 380, 125, 381, 383, 385, 130, 132, 388, 389, 136, 394, 395, 398, 399, 400, 146, 402, 403, 148, 404, 150, 152, 408, 409, 155, 411, 412, 157, 413, 160, 161, 162, 418, 419, 421, 167, 423, 171, 428, 173, 430, 175, 176, 178, 179, 181, 184, 188, 190, 194, 195, 196, 198, 200, 202, 205, 206, 209, 210, 212, 220, 222, 229, 239, 240, 241, 246, 247, 248, 250, 254, 255]
r5_l: [1, 2, 3, 5, 390, 7, 8, 265, 393, 10, 139, 12, 140, 141, 271, 401, 274, 149, 277, 22, 406, 280, 282, 27, 286, 416, 289, 290, 163, 39, 298, 174, 304, 177, 50, 306, 51, 307, 183, 312, 186, 314, 187, 63, 191, 321, 66, 67, 69, 70, 326, 327, 335, 208, 336, 214, 342, 216, 93, 221, 96, 356, 102, 230, 237, 238, 366, 112, 368, 369, 243, 371, 373, 376, 377, 378, 253, 126, 382, 127]
r5_r: [256, 257, 258, 11, 13, 269, 14, 272, 273, 275, 23, 24, 25, 26, 28, 29, 32, 35, 36, 38, 294, 40, 41, 297, 46, 302, 48, 52, 53, 54, 310, 55, 311, 313, 316, 317, 319, 320, 322, 323, 324, 325, 71, 73, 74, 75, 331, 332, 333, 334, 81, 82, 338, 83, 84, 340, 85, 341, 86, 343, 88, 89, 345, 348, 94, 95, 98, 354, 99, 100, 101, 104, 361, 110, 111, 113, 114, 115, 116, 121, 380, 125, 381, 383, 385, 130, 132, 388, 389, 136, 394, 395, 398, 399, 400, 146, 402, 403, 148, 404, 150, 152, 408, 409, 155, 411, 412, 157, 413, 160, 161, 162, 418, 419, 421, 167, 423, 171, 428, 173, 430, 175, 176, 178, 179, 181, 184, 188, 190, 194, 195, 196, 198, 200, 202, 205, 206, 209, 210, 212, 220, 222, 229, 239, 240, 241, 246, 247, 248, 250, 254, 255]
r6_l: [1, 2, 3, 5, 262, 7, 8, 265, 10, 12, 271, 18, 274, 20, 277, 22, 279, 280, 282, 27, 284, 30, 286, 287, 288, 289, 290, 291, 39, 298, 299, 303, 304, 50, 306, 51, 307, 308, 56, 312, 314, 62, 318, 63, 64, 321, 66, 67, 69, 70, 326, 327, 329, 335, 336, 342, 93, 350, 96, 352, 353, 356, 102, 103, 108, 365, 366, 367, 112, 368, 369, 371, 373, 375, 376, 378, 126, 382, 127, 384, 129, 390, 392, 393, 139, 140, 141, 144, 401, 147, 149, 406, 154, 158, 416, 163, 168, 172, 174, 432, 177, 183, 186, 187, 191, 208, 214, 216, 219, 221, 223, 226, 230, 235, 237, 238, 243, 245, 253]
r6_r: [256, 257, 258, 13, 269, 14, 272, 273, 275, 23, 24, 25, 26, 28, 29, 32, 35, 36, 38, 294, 40, 41, 297, 46, 302, 48, 52, 53, 54, 310, 55, 311, 313, 316, 317, 319, 320, 322, 323, 324, 325, 71, 73, 74, 75, 331, 332, 333, 334, 81, 82, 338, 83, 84, 340, 85, 341, 86, 343, 88, 89, 345, 348, 94, 95, 98, 354, 99, 100, 101, 104, 361, 110, 111, 113, 114, 115, 116, 121, 380, 125, 381, 383, 385, 130, 132, 388, 389, 136, 394, 395, 398, 399, 400, 146, 402, 403, 148, 404, 150, 152, 408, 409, 155, 411, 412, 157, 413, 160, 161, 162, 418, 419, 421, 167, 423, 171, 428, 173, 430, 175, 176, 178, 179, 181, 184, 188, 190, 194, 195, 196, 198, 200, 202, 205, 206, 209, 210, 212, 220, 222, 229, 239, 240, 241, 246, 247, 248, 250, 254, 255]
r7_l: [1, 2, 3, 260, 7, 263, 8, 265, 10, 271, 274, 21, 277, 22, 280, 282, 27, 286, 289, 290, 37, 39, 298, 304, 50, 306, 51, 307, 312, 314, 63, 321, 66, 67, 68, 69, 70, 327, 335, 336, 342, 90, 346, 91, 93, 96, 97, 356, 106, 107, 363, 364, 366, 112, 368, 369, 371, 373, 374, 378, 126, 382, 127, 390, 135, 137, 393, 139, 140, 145, 401, 149, 405, 406, 151, 407, 410, 414, 159, 416, 417, 163, 420, 165, 166, 422, 170, 426, 427, 174, 177, 180, 182, 183, 186, 187, 191, 192, 197, 203, 204, 208, 211, 214, 216, 221, 230, 233, 237, 238, 243, 249, 251, 253]
r7_r: [0, 4, 13, 14, 15, 17, 23, 24, 25, 26, 28, 29, 31, 32, 33, 34, 35, 36, 38, 40, 41, 42, 43, 44, 46, 47, 48, 52, 53, 54, 55, 57, 58, 61, 65, 71, 72, 73, 74, 75, 81, 82, 83, 84, 85, 86, 88, 89, 92, 94, 95, 98, 99, 100, 101, 104, 105, 109, 110, 111, 113, 114, 115, 116, 120, 121, 122, 125, 130, 132, 133, 136, 138, 142, 146, 148, 150, 152, 155, 156, 157, 160, 161, 162, 167, 169, 171, 173, 175, 178, 179, 181, 184, 185, 188, 190, 193, 194, 195, 196, 198, 200, 202, 205, 206, 209, 210, 212, 217, 220, 222, 227, 228, 229, 231, 236, 239, 240, 241, 242, 244, 246, 247, 248, 250, 252, 254, 255, 256, 257, 258, 266, 267, 269, 272, 273, 275, 276, 278, 281, 283, 285, 292, 293, 294, 297, 301, 302, 310, 311, 313, 316, 317, 319, 320, 322, 323, 324, 325, 331, 332, 333, 334, 337, 340, 341, 343, 344, 345, 348, 349, 354, 357, 361, 362, 379, 380, 381, 383, 385, 387, 388, 394, 395, 398, 399, 400, 402, 403, 404, 408, 409, 411, 412, 413, 418, 421, 423, 428, 429, 430]
r8_l: [1, 2, 3, 260, 6, 262, 7, 263, 8, 264, 9, 265, 10, 268, 270, 271, 18, 274, 19, 20, 21, 277, 22, 280, 282, 27, 284, 30, 286, 289, 290, 37, 39, 295, 296, 298, 299, 303, 304, 305, 50, 306, 51, 307, 309, 56, 312, 314, 63, 64, 321, 66, 67, 68, 69, 70, 327, 328, 78, 335, 80, 336, 342, 90, 346, 91, 347, 93, 350, 351, 96, 352, 97, 356, 102, 106, 107, 363, 364, 365, 366, 112, 368, 369, 370, 371, 373, 374, 119, 376, 377, 378, 123, 124, 126, 382, 127, 384, 386, 134, 390, 135, 391, 137, 393, 139, 140, 396, 397, 145, 401, 149, 405, 406, 151, 407, 153, 154, 410, 414, 159, 416, 417, 163, 164, 420, 165, 166, 422, 424, 425, 170, 426, 427, 174, 431, 432, 177, 180, 182, 183, 186, 187, 189, 192, 197, 201, 203, 204, 208, 211, 213, 214, 216, 218, 219, 221, 224, 226, 230, 232, 233, 235, 237, 238, 243, 249, 251, 253]
r8_r: [0, 256, 257, 4, 266, 267, 13, 269, 14, 15, 272, 273, 275, 276, 278, 24, 25, 283, 28, 29, 285, 31, 32, 33, 34, 36, 292, 293, 294, 41, 297, 43, 44, 301, 46, 302, 47, 48, 52, 53, 310, 55, 311, 313, 58, 316, 61, 317, 319, 320, 65, 322, 323, 324, 325, 71, 74, 75, 331, 333, 81, 337, 82, 83, 84, 340, 85, 341, 343, 88, 344, 89, 345, 92, 348, 94, 95, 98, 354, 99, 100, 101, 357, 104, 105, 361, 362, 110, 111, 113, 114, 115, 116, 120, 121, 122, 379, 380, 385, 130, 387, 132, 388, 133, 389, 136, 138, 395, 400, 146, 402, 403, 404, 150, 152, 409, 155, 156, 412, 157, 413, 160, 161, 162, 418, 419, 421, 167, 423, 169, 171, 428, 173, 430, 175, 176, 178, 179, 181, 184, 188, 190, 193, 194, 195, 196, 200, 202, 205, 206, 209, 212, 217, 220, 222, 229, 231, 234, 239, 241, 242, 244, 246, 247, 248, 250, 252, 254]
