r1_l: [128, 65, 4, 6, 198, 136, 10, 203, 12, 76, 140, 142, 19, 212, 149, 217, 220, 93, 158, 95, 32, 33, 97, 98, 226, 227, 229, 168, 46, 47, 112, 49, 115, 180, 56, 57, 185, 123, 187, 190]
r1_r: [192, 1, 3, 134, 71, 73, 74, 202, 75, 143, 209, 18, 22, 90, 218, 27, 156, 225, 99, 100, 42, 48, 177, 117, 182, 120, 58, 125, 127, 191]
r2_l: [128, 4, 6, 136, 9, 10, 12, 140, 13, 141, 14, 142, 145, 19, 20, 149, 150, 151, 154, 30, 158, 32, 33, 161, 165, 167, 168, 41, 44, 46, 174, 47, 176, 49, 180, 53, 56, 57, 185, 186, 187, 60, 61, 190, 63, 65, 68, 196, 198, 203, 76, 212, 86, 217, 220, 93, 95, 97, 98, 226, 227, 228, 229, 106, 109, 112, 115, 116, 123, 124]
r2_r: [1, 133, 135, 137, 11, 22, 153, 27, 156, 160, 164, 38, 40, 43, 45, 173, 175, 48, 177, 178, 52, 181, 182, 55, 183, 58, 188, 64, 192, 193, 66, 194, 195, 70, 71, 73, 74, 202, 78, 206, 209, 83, 84, 213, 216, 89, 90, 91, 92, 222, 223, 96, 225, 99, 101, 102, 231, 110, 117, 118, 121, 122, 125, 126, 127]
r3_l: [4, 5, 6, 7, 9, 10, 12, 13, 14, 19, 20, 23, 26, 30, 32, 33, 35, 39, 41, 44, 46, 47, 49, 53, 56, 57, 60, 61, 63, 65, 68, 69, 72, 76, 77, 79, 86, 88, 93, 95, 97, 98, 104, 106, 112, 114, 115, 123, 124, 125, 128, 129, 130, 132, 136, 140, 141, 142, 144, 145, 148, 149, 150, 151, 154, 158, 159, 161, 162, 165, 167, 168, 170, 174, 176, 179, 180, 185, 186, 187, 190, 197, 198, 199, 203, 208, 210, 212, 215, 217, 220, 224, 226, 227, 228, 229, 232]
r3_r: [1, 3, 11, 16, 17, 18, 21, 22, 24, 152, 27, 28, 156, 29, 160, 164, 48, 177, 178, 181, 54, 182, 58, 64, 192, 70, 71, 200, 73, 74, 202, 75, 204, 206, 80, 209, 83, 214, 87, 216, 90, 92, 96, 225, 99, 113, 117, 122, 125, 127]
r4_l: [64, 194, 200, 137, 138, 204, 15, 143, 16, 80, 83, 21, 214, 87, 152, 218, 28, 92, 29, 160, 37, 101, 38, 42, 107, 113, 178, 121, 122, 191]
r4_r: [128, 6, 199, 136, 73, 10, 12, 77, 208, 145, 19, 212, 149, 86, 154, 220, 93, 224, 161, 228, 165, 168, 41, 47, 112, 114, 56, 185, 186, 124, 63]
r5_l: [2, 134, 8, 138, 11, 139, 15, 143, 16, 146, 152, 153, 28, 29, 157, 160, 36, 37, 38, 166, 40, 42, 173, 178, 51, 52, 184, 188, 62, 191, 64, 194, 67, 195, 70, 200, 204, 78, 80, 83, 214, 87, 216, 89, 218, 91, 219, 92, 221, 96, 100, 101, 102, 230, 103, 107, 110, 120, 121, 122]
r5_r: [128, 192, 130, 6, 136, 73, 10, 12, 77, 145, 19, 212, 149, 215, 154, 220, 93, 161, 228, 165, 167, 168, 41, 170, 47, 112, 56, 185, 60, 124]
r6_l: [0, 2, 131, 133, 134, 135, 137, 138, 11, 139, 15, 143, 16, 17, 146, 147, 21, 152, 153, 28, 29, 157, 160, 163, 37, 38, 166, 169, 42, 43, 173, 175, 50, 178, 52, 54, 55, 183, 184, 188, 62, 191, 64, 193, 66, 194, 195, 200, 201, 204, 205, 78, 206, 207, 80, 82, 83, 84, 85, 213, 214, 87, 89, 218, 91, 92, 221, 94, 223, 100, 101, 102, 231, 107, 108, 110, 113, 118, 120, 121, 122, 126]
r6_r: [128, 4, 6, 136, 10, 12, 140, 13, 141, 14, 142, 145, 19, 149, 150, 151, 154, 30, 158, 32, 33, 165, 168, 41, 44, 46, 174, 47, 49, 180, 56, 57, 185, 187, 190, 63, 65, 68, 196, 198, 203, 76, 212, 217, 220, 93, 95, 97, 98, 226, 227, 228, 229, 106, 109, 112, 115, 123, 124]
