r1_l: [65, 322, 646, 7, 328, 203, 268, 787, 85, 791, 857, 605, 797, 861, 352, 97, 741, 359, 361, 681, 364, 621, 559, 563, 756, 820, 54, 248, 571, 572, 62]
r1_r: [128, 320, 449, 2, 450, 514, 133, 389, 521, 458, 77, 845, 206, 590, 529, 212, 217, 349, 798, 31, 99, 291, 547, 296, 425, 237, 50, 370, 691, 437, 757, 885, 758, 826, 444, 574]
r2_l: [897, 898, 390, 646, 774, 7, 775, 268, 658, 275, 787, 791, 280, 27, 155, 156, 797, 415, 290, 681, 298, 431, 559, 563, 820, 309, 565, 570, 571, 827, 572, 701, 62, 65, 322, 197, 583, 203, 847, 720, 81, 85, 600, 857, 603, 732, 605, 861, 351, 352, 97, 228, 359, 364, 493, 621, 756]
r2_r: [128, 320, 449, 2, 450, 514, 133, 389, 458, 77, 845, 206, 590, 529, 212, 217, 798, 31, 99, 291, 547, 296, 425, 237, 50, 370, 691, 437, 757, 885, 758, 826, 574]
r3_l: [129, 518, 648, 265, 395, 651, 140, 397, 655, 400, 528, 784, 786, 147, 659, 20, 406, 662, 23, 25, 153, 283, 284, 669, 35, 292, 37, 165, 677, 805, 807, 427, 300, 557, 558, 176, 177, 305, 312, 440, 568, 313, 825, 442, 316, 702, 319, 831, 452, 581, 199, 74, 459, 846, 719, 208, 722, 468, 724, 214, 470, 471, 599, 344, 218, 346, 730, 348, 604, 738, 739, 613, 358, 231, 232, 238, 750, 878, 368, 752, 241, 115, 884, 505, 634, 890, 123, 763, 252]
r3_r: [0, 1, 514, 516, 525, 14, 270, 782, 15, 16, 529, 533, 794, 795, 30, 291, 549, 294, 806, 809, 810, 813, 560, 816, 310, 826, 573, 318, 574, 320, 67, 835, 68, 839, 843, 333, 845, 334, 590, 336, 594, 856, 347, 865, 99, 867, 357, 108, 876, 109, 880, 370, 883, 372, 628, 885, 630, 633, 379, 124, 380, 125, 126, 133, 649, 396, 657, 405, 661, 663, 162, 163, 678, 169, 425, 429, 688, 179, 691, 692, 445, 196, 709, 712, 202, 207, 212, 725, 219, 731, 220, 478, 479, 224, 485, 488, 240, 497, 242, 499, 758, 247, 765, 255]
r4_l: [517, 518, 7, 520, 524, 528, 530, 531, 20, 23, 25, 35, 37, 39, 552, 554, 557, 558, 47, 563, 565, 54, 55, 568, 570, 59, 571, 572, 61, 62, 65, 66, 581, 70, 583, 584, 74, 81, 85, 599, 600, 601, 603, 604, 605, 95, 607, 97, 612, 613, 104, 619, 621, 112, 115, 122, 634, 123, 636, 129, 646, 648, 139, 651, 140, 655, 658, 147, 659, 149, 662, 153, 155, 669, 165, 677, 168, 681, 176, 177, 697, 700, 701, 702, 192, 197, 199, 200, 713, 203, 719, 208, 209, 210, 722, 724, 214, 218, 730, 732, 738, 739, 741, 231, 232, 746, 236, 748, 238, 750, 752, 241, 756, 248, 763, 252, 764, 257, 774, 775, 265, 268, 784, 786, 787, 278, 283, 284, 796, 797, 799, 290, 292, 805, 807, 300, 305, 307, 820, 309, 822, 311, 312, 313, 825, 827, 316, 319, 831, 322, 323, 838, 327, 328, 842, 332, 846, 344, 857, 346, 348, 861, 352, 358, 364, 877, 878, 368, 881, 884, 887, 377, 378, 890, 895, 896, 898, 390, 391, 395, 397, 400, 406, 408, 410, 417, 427, 428, 440, 442, 447, 452, 459, 468, 470, 471, 483, 505, 508]
r4_r: [0, 1, 514, 4, 516, 525, 14, 270, 782, 15, 783, 16, 529, 18, 533, 535, 794, 795, 30, 798, 291, 547, 548, 549, 294, 806, 40, 809, 810, 813, 560, 816, 310, 57, 826, 573, 318, 574, 320, 576, 321, 67, 835, 68, 324, 839, 75, 843, 77, 333, 845, 334, 590, 335, 336, 594, 856, 347, 862, 865, 99, 867, 357, 108, 876, 109, 624, 880, 370, 883, 372, 628, 117, 885, 630, 631, 633, 379, 124, 380, 125, 126, 133, 649, 396, 653, 142, 657, 405, 661, 663, 162, 418, 163, 421, 166, 678, 169, 425, 172, 429, 688, 179, 691, 692, 183, 698, 445, 449, 706, 196, 709, 456, 712, 202, 460, 207, 211, 212, 725, 219, 731, 220, 478, 479, 224, 225, 485, 488, 489, 234, 240, 497, 242, 499, 244, 757, 758, 247, 765, 255]
r5_l: [517, 518, 7, 520, 524, 528, 530, 531, 20, 25, 29, 35, 37, 39, 552, 41, 554, 555, 557, 558, 47, 563, 565, 54, 55, 568, 570, 59, 571, 572, 61, 62, 65, 66, 578, 581, 70, 583, 584, 74, 76, 592, 81, 595, 85, 87, 599, 600, 601, 603, 604, 93, 605, 95, 607, 97, 100, 612, 613, 614, 103, 104, 617, 619, 621, 112, 113, 115, 122, 634, 123, 636, 129, 646, 648, 138, 139, 651, 140, 655, 144, 658, 147, 659, 660, 149, 662, 153, 154, 155, 156, 669, 165, 677, 168, 681, 682, 686, 176, 177, 697, 700, 701, 702, 192, 197, 199, 200, 713, 714, 203, 719, 208, 209, 210, 722, 724, 214, 218, 730, 732, 734, 738, 739, 741, 231, 232, 746, 748, 238, 750, 752, 241, 753, 756, 248, 763, 252, 764, 257, 774, 775, 265, 268, 784, 786, 787, 278, 791, 283, 284, 796, 797, 799, 290, 292, 293, 805, 807, 300, 301, 305, 307, 820, 309, 822, 311, 312, 313, 825, 827, 316, 319, 831, 322, 834, 323, 837, 838, 327, 328, 842, 332, 846, 847, 344, 857, 346, 348, 861, 351, 352, 353, 358, 359, 361, 364, 877, 878, 368, 881, 884, 887, 377, 378, 890, 895, 896, 898, 390, 391, 395, 397, 400, 406, 408, 417, 422, 427, 428, 440, 442, 447, 452, 459, 468, 470, 471, 483, 500, 505, 508]
r5_r: [0, 1, 514, 4, 516, 11, 267, 525, 14, 270, 782, 15, 783, 16, 529, 18, 533, 535, 794, 795, 30, 798, 32, 800, 291, 547, 548, 549, 294, 806, 40, 809, 810, 813, 560, 816, 50, 308, 310, 57, 58, 826, 573, 318, 574, 63, 64, 320, 576, 321, 67, 835, 68, 324, 325, 839, 840, 841, 330, 75, 843, 77, 333, 845, 334, 590, 335, 336, 594, 84, 341, 856, 347, 862, 865, 99, 867, 357, 108, 876, 109, 879, 624, 880, 370, 883, 372, 628, 117, 885, 630, 631, 633, 379, 124, 380, 125, 126, 133, 389, 649, 396, 653, 142, 656, 657, 405, 661, 663, 666, 671, 162, 418, 163, 421, 166, 678, 167, 169, 425, 171, 172, 429, 432, 688, 434, 179, 691, 692, 182, 183, 698, 445, 449, 706, 196, 709, 456, 712, 202, 460, 207, 211, 212, 725, 217, 219, 731, 220, 478, 479, 224, 225, 485, 488, 233, 489, 234, 240, 497, 242, 754, 499, 244, 757, 758, 247, 759, 504, 765, 255]
r6_l: [517, 518, 7, 520, 524, 528, 530, 531, 20, 23, 25, 27, 29, 541, 34, 35, 37, 39, 552, 41, 554, 555, 44, 557, 558, 47, 559, 563, 565, 54, 55, 568, 570, 59, 571, 572, 61, 62, 65, 66, 578, 581, 70, 583, 584, 585, 74, 76, 592, 81, 593, 595, 85, 87, 599, 600, 601, 603, 604, 93, 605, 95, 607, 96, 97, 100, 612, 613, 614, 103, 104, 617, 619, 621, 112, 113, 115, 122, 634, 123, 636, 129, 646, 135, 648, 138, 139, 651, 140, 655, 144, 658, 147, 659, 660, 149, 662, 153, 154, 155, 156, 669, 670, 165, 677, 168, 681, 682, 683, 685, 686, 176, 177, 178, 180, 696, 697, 187, 700, 701, 702, 192, 193, 194, 197, 710, 199, 200, 713, 714, 203, 719, 208, 720, 209, 721, 210, 722, 724, 214, 218, 730, 732, 734, 736, 738, 739, 228, 741, 231, 232, 746, 748, 238, 750, 752, 241, 753, 756, 248, 760, 763, 252, 764, 257, 771, 774, 775, 265, 268, 784, 786, 275, 787, 278, 791, 280, 283, 284, 796, 797, 799, 289, 290, 292, 293, 805, 807, 298, 300, 301, 305, 307, 820, 309, 822, 311, 312, 313, 825, 827, 316, 319, 831, 322, 834, 323, 837, 838, 327, 328, 329, 842, 332, 844, 846, 847, 854, 343, 855, 344, 857, 346, 348, 861, 351, 352, 353, 358, 359, 361, 364, 877, 878, 368, 881, 884, 887, 888, 377, 378, 890, 895, 896, 897, 898, 390, 391, 395, 397, 400, 404, 406, 407, 408, 410, 415, 417, 422, 427, 428, 431, 440, 442, 447, 448, 452, 453, 459, 468, 470, 471, 483, 493, 500, 505, 508]
r6_r: [0, 1, 514, 4, 516, 11, 267, 525, 14, 270, 782, 15, 783, 16, 529, 533, 535, 794, 795, 30, 32, 800, 291, 547, 549, 294, 806, 40, 809, 810, 813, 560, 816, 50, 308, 310, 58, 826, 573, 318, 574, 63, 64, 320, 67, 835, 68, 839, 330, 75, 843, 77, 333, 845, 334, 590, 335, 336, 594, 341, 856, 347, 865, 99, 867, 357, 108, 876, 109, 879, 880, 370, 627, 883, 372, 628, 885, 630, 631, 633, 379, 124, 380, 125, 126, 133, 389, 649, 396, 653, 657, 405, 661, 663, 666, 671, 162, 163, 166, 678, 167, 169, 425, 429, 688, 434, 179, 691, 692, 182, 445, 196, 709, 712, 202, 460, 207, 211, 212, 725, 217, 219, 731, 220, 478, 479, 224, 485, 488, 233, 489, 492, 240, 497, 242, 754, 499, 758, 247, 759, 504, 765, 255]
r7_l: [517, 518, 7, 520, 524, 528, 530, 531, 20, 23, 25, 27, 29, 541, 34, 35, 37, 39, 552, 41, 554, 555, 557, 558, 47, 559, 563, 565, 54, 566, 55, 56, 568, 570, 59, 571, 572, 61, 62, 65, 66, 578, 581, 70, 583, 584, 585, 74, 76, 592, 81, 593, 82, 595, 85, 87, 599, 600, 601, 603, 604, 93, 605, 95, 607, 97, 100, 612, 613, 102, 614, 103, 617, 619, 621, 112, 113, 115, 122, 634, 123, 636, 127, 642, 646, 135, 648, 138, 650, 139, 651, 140, 655, 144, 658, 147, 659, 660, 149, 662, 664, 153, 154, 155, 156, 669, 670, 674, 165, 677, 168, 681, 682, 683, 685, 686, 176, 177, 178, 180, 696, 697, 187, 700, 701, 702, 192, 193, 197, 710, 199, 200, 713, 714, 203, 719, 208, 720, 209, 721, 210, 722, 723, 724, 214, 218, 730, 732, 221, 734, 736, 738, 739, 228, 741, 231, 232, 746, 747, 748, 238, 750, 752, 241, 753, 243, 756, 248, 760, 763, 252, 764, 767, 257, 771, 774, 775, 265, 268, 784, 785, 786, 275, 787, 278, 791, 280, 282, 283, 284, 796, 797, 799, 289, 290, 292, 293, 807, 298, 301, 304, 305, 307, 820, 309, 822, 311, 312, 313, 825, 827, 316, 319, 831, 322, 834, 323, 837, 838, 327, 328, 329, 842, 332, 844, 846, 847, 340, 854, 343, 855, 344, 857, 346, 348, 861, 351, 352, 353, 869, 358, 359, 361, 873, 364, 877, 878, 368, 881, 884, 887, 888, 377, 889, 378, 890, 381, 895, 896, 897, 898, 899, 390, 395, 397, 399, 400, 404, 406, 407, 408, 410, 414, 415, 417, 422, 423, 426, 427, 428, 431, 440, 447, 448, 452, 453, 457, 459, 468, 470, 471, 477, 483, 493, 498, 500, 505, 508]
r7_r: [0, 1, 514, 4, 516, 525, 14, 270, 782, 15, 783, 16, 529, 533, 535, 794, 795, 30, 291, 549, 294, 806, 40, 809, 810, 813, 560, 816, 310, 826, 573, 318, 574, 320, 67, 835, 68, 839, 75, 843, 77, 333, 845, 334, 590, 335, 336, 594, 856, 347, 865, 867, 357, 108, 876, 109, 880, 370, 883, 372, 628, 885, 630, 631, 633, 379, 124, 380, 125, 126, 133, 649, 396, 653, 657, 405, 661, 663, 162, 163, 166, 678, 169, 425, 429, 688, 179, 692, 445, 196, 709, 712, 202, 460, 207, 211, 212, 725, 219, 731, 220, 478, 479, 224, 485, 488, 489, 240, 497, 242, 499, 758, 247, 504, 765, 255]
r8_l: [517, 7, 520, 524, 528, 530, 531, 20, 534, 23, 25, 26, 28, 541, 35, 37, 39, 552, 41, 554, 555, 557, 558, 47, 563, 565, 54, 566, 55, 56, 568, 570, 59, 571, 572, 61, 62, 65, 66, 581, 70, 583, 584, 74, 76, 592, 81, 82, 595, 85, 87, 599, 88, 600, 601, 603, 604, 93, 605, 94, 95, 607, 97, 100, 612, 613, 102, 103, 617, 619, 621, 112, 113, 115, 122, 123, 636, 127, 642, 645, 646, 135, 648, 138, 650, 139, 651, 140, 655, 144, 658, 147, 659, 660, 149, 662, 153, 154, 155, 156, 669, 164, 165, 168, 681, 682, 685, 686, 176, 177, 180, 697, 186, 700, 701, 702, 192, 195, 197, 199, 200, 713, 714, 203, 719, 208, 209, 210, 722, 723, 724, 214, 218, 730, 732, 221, 734, 737, 738, 739, 741, 231, 232, 746, 747, 748, 238, 750, 752, 241, 753, 243, 756, 248, 763, 252, 764, 767, 256, 257, 260, 774, 775, 265, 268, 274, 786, 787, 789, 278, 791, 281, 282, 283, 284, 797, 799, 801, 290, 803, 292, 293, 807, 297, 301, 304, 305, 307, 820, 309, 822, 311, 313, 825, 827, 319, 831, 322, 834, 323, 837, 838, 327, 328, 842, 332, 846, 847, 338, 851, 340, 344, 345, 857, 346, 348, 861, 351, 352, 353, 869, 358, 359, 361, 364, 877, 878, 368, 881, 375, 887, 377, 889, 378, 890, 381, 895, 896, 898, 899, 390, 395, 397, 399, 400, 401, 402, 406, 408, 410, 414, 420, 422, 423, 426, 427, 428, 438, 440, 447, 452, 454, 457, 459, 465, 466, 468, 470, 471, 483, 496, 505, 508]
r8_r: [0, 2, 514, 4, 516, 521, 11, 525, 14, 15, 527, 16, 529, 18, 31, 32, 547, 549, 42, 560, 49, 50, 57, 58, 573, 574, 63, 575, 576, 67, 68, 586, 75, 77, 590, 591, 80, 594, 84, 99, 109, 624, 628, 117, 630, 119, 631, 633, 125, 126, 128, 644, 133, 649, 652, 653, 142, 657, 661, 152, 666, 668, 671, 161, 162, 163, 166, 678, 167, 169, 171, 689, 179, 691, 692, 182, 183, 698, 699, 706, 196, 708, 709, 198, 712, 204, 206, 207, 212, 725, 726, 727, 216, 728, 217, 219, 731, 220, 224, 225, 742, 233, 234, 237, 749, 240, 242, 754, 757, 758, 759, 765, 255, 267, 270, 782, 271, 277, 279, 794, 795, 798, 291, 294, 806, 296, 809, 810, 812, 813, 814, 816, 308, 826, 318, 320, 321, 835, 325, 839, 840, 330, 845, 334, 335, 336, 848, 341, 856, 349, 862, 865, 355, 867, 357, 360, 875, 876, 880, 370, 883, 372, 885, 886, 376, 379, 389, 419, 421, 424, 425, 429, 437, 444, 445, 446, 449, 450, 451, 458, 460, 462, 463, 474, 478, 479, 486, 487, 488, 489, 492, 499, 504]
r9_l: [517, 518, 7, 520, 524, 13, 528, 530, 531, 20, 22, 23, 24, 25, 27, 29, 34, 35, 36, 37, 39, 552, 41, 554, 555, 44, 557, 558, 47, 559, 563, 565, 55, 568, 570, 59, 571, 572, 61, 62, 65, 66, 578, 579, 581, 70, 583, 584, 585, 74, 76, 592, 81, 593, 595, 85, 87, 599, 600, 601, 603, 604, 93, 605, 95, 607, 96, 97, 100, 612, 613, 614, 103, 104, 617, 619, 621, 110, 112, 113, 625, 115, 118, 122, 634, 123, 636, 638, 639, 640, 129, 646, 648, 138, 139, 651, 140, 655, 144, 658, 147, 659, 660, 149, 662, 153, 154, 155, 667, 156, 669, 670, 159, 165, 677, 168, 681, 683, 686, 176, 178, 184, 696, 697, 187, 700, 701, 702, 192, 193, 194, 197, 710, 199, 201, 713, 714, 203, 719, 208, 720, 209, 721, 210, 722, 724, 214, 215, 218, 730, 732, 734, 736, 739, 228, 229, 231, 232, 744, 746, 236, 748, 238, 750, 752, 241, 753, 756, 760, 763, 252, 764, 257, 774, 775, 264, 265, 268, 269, 786, 275, 787, 276, 278, 791, 280, 283, 284, 796, 797, 799, 289, 290, 292, 293, 805, 807, 298, 300, 815, 305, 307, 820, 309, 822, 311, 823, 312, 825, 827, 316, 319, 831, 322, 834, 837, 838, 327, 329, 842, 332, 844, 846, 847, 854, 343, 855, 344, 857, 346, 348, 861, 351, 352, 353, 866, 358, 359, 361, 364, 877, 878, 368, 881, 884, 374, 888, 377, 895, 896, 897, 898, 390, 391, 395, 397, 400, 404, 406, 408, 410, 415, 417, 422, 427, 428, 431, 436, 440, 442, 447, 448, 452, 453, 459, 464, 468, 470, 471, 473, 483, 493, 500, 505, 508, 509, 510]
r9_r: [0, 1, 514, 4, 516, 11, 267, 525, 14, 270, 782, 15, 783, 16, 529, 533, 535, 794, 795, 30, 32, 800, 291, 547, 549, 294, 806, 40, 809, 810, 813, 560, 816, 50, 308, 310, 58, 826, 573, 318, 574, 63, 64, 320, 67, 835, 68, 839, 330, 75, 843, 77, 333, 845, 334, 590, 335, 336, 594, 341, 856, 347, 865, 99, 867, 357, 876, 109, 879, 880, 370, 627, 883, 372, 628, 885, 630, 631, 633, 379, 124, 380, 125, 126, 133, 389, 649, 396, 653, 657, 405, 661, 663, 666, 671, 162, 163, 166, 678, 167, 169, 425, 429, 434, 179, 691, 692, 182, 445, 196, 709, 712, 202, 460, 207, 211, 212, 725, 217, 219, 731, 220, 478, 479, 224, 485, 488, 233, 489, 492, 240, 497, 242, 754, 499, 758, 247, 759, 504, 765, 255]
r10_l: [7, 13, 20, 22, 23, 24, 25, 26, 27, 29, 34, 35, 36, 37, 39, 41, 44, 47, 48, 54, 55, 56, 59, 61, 62, 65, 66, 70, 74, 76, 81, 82, 85, 87, 88, 93, 94, 95, 96, 97, 100, 102, 103, 104, 107, 110, 111, 112, 113, 114, 115, 118, 120, 122, 123, 127, 129, 135, 137, 138, 139, 140, 144, 147, 149, 153, 154, 155, 156, 157, 159, 165, 168, 176, 177, 178, 180, 184, 186, 187, 192, 193, 194, 197, 199, 200, 201, 203, 208, 209, 210, 214, 215, 218, 221, 228, 229, 231, 232, 236, 238, 241, 243, 248, 252, 256, 257, 260, 261, 264, 265, 268, 269, 274, 275, 276, 278, 280, 282, 283, 284, 287, 289, 290, 292, 293, 297, 298, 300, 301, 304, 305, 307, 309, 311, 312, 313, 316, 319, 322, 323, 327, 328, 329, 332, 337, 338, 340, 343, 344, 345, 346, 348, 350, 351, 352, 353, 358, 359, 361, 363, 364, 368, 374, 375, 377, 378, 381, 386, 390, 391, 394, 395, 397, 399, 400, 401, 402, 404, 406, 407, 408, 409, 410, 413, 414, 415, 417, 422, 423, 426, 427, 428, 431, 433, 436, 440, 442, 443, 447, 448, 452, 453, 454, 457, 459, 464, 465, 468, 470, 471, 473, 477, 483, 493, 498, 500, 503, 505, 508, 509, 510, 517, 518, 520, 524, 528, 530, 531, 534, 541, 543, 552, 554, 555, 557, 558, 559, 563, 565, 566, 568, 570, 571, 572, 578, 579, 581, 583, 584, 585, 592, 593, 595, 599, 600, 601, 603, 604, 605, 607, 612, 613, 614, 617, 619, 621, 623, 625, 634, 636, 638, 639, 640, 642, 646, 647, 648, 650, 651, 655, 658, 659, 660, 662, 664, 667, 669, 670, 674, 677, 681, 682, 683, 685, 686, 696, 697, 700, 701, 702, 710, 713, 714, 719, 720, 721, 722, 723, 724, 730, 732, 734, 736, 737, 738, 739, 741, 744, 746, 747, 748, 750, 751, 752, 753, 756, 760, 763, 764, 767, 771, 772, 774, 775, 778, 784, 785, 786, 787, 791, 796, 797, 799, 802, 805, 807, 815, 818, 820, 821, 822, 823, 825, 827, 830, 831, 834, 837, 838, 842, 844, 846, 847, 851, 854, 855, 857, 860, 861, 866, 869, 873, 877, 878, 881, 884, 887, 888, 889, 890, 895, 896, 897, 898, 899]
r10_r: [0, 1, 2, 514, 4, 516, 521, 522, 11, 525, 14, 15, 527, 16, 529, 18, 533, 535, 30, 31, 32, 544, 33, 546, 547, 548, 549, 40, 42, 560, 49, 50, 53, 57, 58, 573, 574, 63, 575, 64, 576, 67, 68, 586, 75, 588, 77, 590, 591, 80, 594, 84, 89, 91, 610, 99, 108, 109, 624, 627, 628, 117, 630, 119, 631, 633, 124, 125, 126, 128, 641, 644, 133, 649, 652, 653, 142, 656, 657, 661, 663, 152, 666, 668, 671, 160, 161, 162, 163, 166, 678, 167, 169, 171, 172, 688, 689, 179, 691, 692, 182, 183, 698, 699, 706, 707, 196, 708, 709, 198, 711, 712, 202, 204, 206, 718, 207, 211, 212, 725, 726, 727, 216, 728, 217, 219, 731, 220, 224, 225, 742, 233, 234, 237, 749, 240, 242, 754, 244, 757, 758, 247, 759, 765, 255, 267, 270, 782, 271, 783, 277, 279, 794, 795, 285, 798, 800, 291, 294, 806, 296, 809, 810, 812, 813, 814, 816, 306, 308, 310, 826, 829, 318, 320, 321, 835, 324, 836, 325, 839, 840, 841, 330, 331, 843, 333, 845, 334, 335, 336, 848, 850, 341, 856, 347, 349, 862, 865, 355, 867, 357, 360, 875, 876, 879, 880, 370, 883, 372, 885, 886, 376, 379, 380, 389, 396, 405, 418, 419, 421, 424, 425, 429, 432, 434, 437, 439, 444, 445, 446, 449, 450, 451, 456, 458, 460, 462, 463, 467, 474, 478, 479, 485, 486, 487, 488, 489, 490, 492, 497, 499, 504]
r11_l: [0, 516, 649, 525, 14, 782, 15, 529, 657, 661, 795, 162, 291, 549, 294, 678, 806, 169, 425, 810, 429, 813, 560, 816, 179, 692, 826, 445, 573, 318, 574, 320, 67, 835, 68, 709, 712, 334, 590, 336, 594, 212, 725, 219, 731, 220, 478, 865, 867, 876, 880, 242, 370, 499, 883, 372, 630, 633, 379, 765, 126]
r11_r: [897, 898, 390, 646, 774, 7, 775, 268, 658, 275, 787, 791, 280, 27, 155, 156, 797, 290, 681, 298, 431, 559, 563, 820, 309, 565, 570, 571, 827, 572, 701, 62, 65, 322, 197, 583, 203, 720, 81, 85, 600, 857, 603, 732, 605, 861, 351, 352, 97, 228, 359, 361, 364, 493, 621, 756]
r12_l: [0, 514, 4, 516, 133, 649, 525, 653, 142, 782, 15, 529, 657, 18, 661, 794, 795, 163, 291, 549, 166, 169, 425, 810, 429, 813, 560, 816, 179, 57, 698, 826, 445, 573, 318, 574, 576, 706, 835, 68, 196, 709, 712, 75, 460, 77, 845, 335, 856, 731, 478, 862, 225, 489, 234, 876, 109, 624, 880, 242, 370, 883, 372, 117, 757, 630, 758, 631, 633, 379, 255]
r12_r: [897, 898, 390, 646, 774, 7, 775, 268, 658, 275, 787, 791, 280, 27, 155, 156, 797, 290, 681, 298, 431, 559, 563, 820, 309, 565, 570, 571, 827, 572, 701, 62, 65, 322, 197, 583, 203, 720, 81, 85, 600, 857, 603, 732, 605, 861, 351, 352, 97, 228, 359, 361, 364, 493, 621, 756]
r13_l: [0, 514, 4, 516, 11, 267, 525, 14, 270, 782, 15, 16, 529, 794, 795, 32, 291, 549, 294, 806, 809, 810, 813, 560, 816, 50, 308, 58, 826, 573, 318, 574, 63, 320, 67, 835, 68, 839, 330, 586, 75, 845, 334, 590, 336, 848, 594, 341, 856, 349, 865, 867, 357, 875, 876, 109, 880, 370, 883, 372, 628, 885, 630, 631, 376, 633, 379, 125, 126, 133, 649, 657, 661, 666, 671, 162, 163, 419, 166, 678, 167, 169, 425, 429, 179, 692, 182, 445, 446, 196, 709, 712, 462, 207, 212, 725, 727, 216, 217, 219, 731, 220, 478, 479, 224, 488, 233, 489, 492, 240, 242, 754, 499, 758, 759, 765, 255]
r13_r: [897, 898, 390, 646, 774, 7, 775, 268, 658, 275, 787, 791, 280, 27, 155, 156, 797, 290, 681, 298, 431, 559, 563, 820, 309, 565, 570, 571, 827, 572, 701, 62, 65, 322, 197, 583, 203, 720, 81, 85, 600, 857, 603, 732, 605, 861, 351, 352, 97, 228, 359, 361, 364, 493, 621, 756]
r14_l: [0, 2, 514, 516, 11, 267, 525, 14, 270, 782, 15, 16, 529, 18, 277, 794, 795, 798, 31, 32, 291, 549, 294, 806, 296, 809, 42, 810, 812, 813, 560, 816, 49, 50, 308, 57, 58, 826, 573, 318, 574, 63, 575, 320, 576, 321, 67, 835, 68, 325, 839, 840, 330, 75, 845, 334, 590, 336, 594, 84, 341, 856, 862, 865, 99, 867, 357, 876, 624, 880, 370, 883, 372, 117, 885, 630, 886, 119, 633, 379, 125, 126, 128, 133, 389, 649, 142, 657, 661, 152, 666, 671, 161, 162, 163, 421, 166, 678, 167, 169, 171, 429, 179, 691, 692, 437, 182, 183, 698, 445, 449, 450, 706, 451, 196, 708, 709, 712, 458, 206, 207, 463, 212, 725, 728, 217, 474, 219, 731, 220, 478, 479, 224, 486, 487, 233, 234, 492, 240, 242, 754, 499, 758, 759, 765]
r14_r: [897, 898, 390, 646, 774, 7, 775, 268, 658, 275, 787, 791, 280, 27, 155, 156, 797, 290, 681, 298, 431, 559, 563, 820, 309, 565, 570, 571, 827, 572, 701, 62, 65, 322, 197, 583, 203, 720, 81, 85, 600, 857, 603, 732, 605, 861, 351, 352, 97, 228, 359, 361, 364, 493, 621, 756]
r15_l: [0, 1, 2, 514, 4, 516, 11, 525, 14, 15, 16, 529, 18, 535, 30, 31, 32, 547, 549, 40, 42, 560, 49, 50, 57, 58, 573, 574, 63, 575, 576, 67, 68, 586, 75, 77, 590, 591, 594, 84, 91, 99, 109, 624, 117, 630, 119, 631, 633, 125, 126, 128, 644, 133, 649, 653, 142, 657, 661, 663, 152, 666, 668, 671, 161, 162, 163, 166, 678, 167, 169, 171, 172, 689, 179, 691, 692, 182, 183, 698, 699, 706, 707, 196, 708, 709, 198, 711, 712, 202, 206, 207, 211, 212, 725, 726, 727, 216, 728, 217, 219, 731, 220, 224, 225, 742, 233, 234, 237, 749, 240, 242, 754, 757, 758, 247, 759, 765, 255, 267, 270, 782, 271, 277, 794, 795, 285, 798, 291, 294, 806, 296, 809, 810, 812, 813, 816, 308, 826, 829, 318, 320, 321, 835, 325, 839, 840, 330, 845, 334, 335, 336, 848, 850, 341, 856, 349, 862, 865, 355, 867, 357, 875, 876, 879, 880, 370, 883, 372, 885, 886, 376, 379, 389, 405, 419, 421, 424, 425, 429, 432, 437, 444, 445, 446, 449, 450, 451, 458, 460, 462, 463, 474, 478, 479, 485, 486, 487, 489, 492, 497, 499]
r15_r: [897, 898, 390, 646, 774, 7, 775, 268, 658, 275, 787, 791, 280, 27, 155, 156, 797, 415, 290, 681, 298, 431, 559, 563, 820, 309, 565, 570, 571, 827, 572, 701, 62, 65, 322, 323, 197, 583, 328, 203, 847, 720, 81, 85, 600, 857, 603, 732, 605, 861, 351, 352, 97, 228, 741, 359, 361, 236, 364, 493, 621, 756]
r16_l: [0, 1, 2, 514, 4, 516, 521, 522, 11, 525, 14, 15, 16, 529, 18, 533, 535, 30, 31, 32, 544, 547, 548, 549, 40, 42, 560, 49, 50, 57, 58, 573, 574, 63, 575, 64, 576, 67, 68, 75, 588, 77, 590, 594, 84, 89, 91, 610, 99, 109, 624, 627, 628, 117, 630, 119, 631, 633, 124, 125, 126, 128, 133, 649, 652, 653, 142, 657, 661, 663, 152, 666, 668, 671, 161, 162, 163, 166, 678, 167, 169, 171, 172, 179, 691, 692, 182, 183, 698, 699, 706, 707, 196, 708, 709, 711, 712, 202, 204, 206, 718, 207, 211, 212, 725, 728, 217, 219, 731, 220, 224, 225, 233, 234, 240, 242, 754, 757, 758, 247, 759, 765, 255, 267, 270, 782, 783, 277, 279, 794, 795, 798, 291, 294, 806, 296, 809, 810, 812, 813, 816, 306, 308, 310, 826, 318, 320, 321, 833, 835, 324, 325, 839, 840, 841, 330, 331, 843, 333, 845, 334, 335, 336, 850, 341, 856, 347, 862, 865, 355, 867, 357, 876, 879, 880, 370, 883, 372, 885, 886, 379, 389, 396, 405, 418, 421, 424, 425, 429, 432, 434, 437, 444, 445, 449, 450, 451, 456, 458, 460, 463, 467, 474, 478, 479, 485, 486, 487, 488, 489, 492, 497, 499]
r16_r: [898, 390, 646, 774, 7, 775, 268, 658, 787, 791, 155, 156, 797, 290, 681, 559, 563, 820, 309, 565, 54, 570, 571, 827, 572, 701, 62, 65, 322, 323, 197, 583, 328, 203, 847, 81, 85, 600, 857, 603, 732, 605, 861, 351, 352, 97, 741, 359, 361, 236, 364, 621, 756, 248]
r17_l: [0, 1, 2, 514, 4, 516, 521, 522, 11, 525, 14, 15, 527, 16, 529, 18, 533, 535, 30, 31, 32, 544, 33, 546, 547, 548, 549, 40, 42, 560, 49, 50, 53, 57, 58, 60, 573, 574, 63, 575, 64, 576, 67, 68, 586, 75, 588, 77, 590, 591, 80, 594, 84, 89, 91, 610, 99, 108, 109, 624, 627, 628, 117, 630, 119, 631, 633, 124, 125, 126, 128, 641, 644, 133, 649, 652, 141, 653, 142, 656, 145, 657, 661, 663, 152, 666, 668, 671, 160, 161, 162, 163, 166, 678, 167, 680, 169, 171, 172, 174, 688, 689, 179, 691, 692, 182, 183, 698, 699, 706, 707, 196, 708, 709, 198, 711, 712, 202, 204, 206, 718, 207, 211, 212, 725, 726, 727, 216, 728, 217, 219, 731, 220, 224, 225, 742, 233, 234, 237, 749, 240, 242, 754, 244, 757, 758, 247, 759, 765, 255, 267, 270, 782, 271, 783, 277, 279, 794, 795, 285, 798, 288, 800, 291, 294, 806, 296, 809, 810, 812, 813, 814, 816, 306, 308, 310, 826, 829, 318, 320, 321, 833, 835, 324, 836, 325, 839, 840, 841, 330, 331, 843, 333, 845, 334, 335, 336, 848, 850, 341, 856, 347, 349, 862, 865, 355, 867, 357, 870, 360, 875, 876, 879, 880, 370, 882, 883, 372, 885, 886, 376, 379, 380, 892, 382, 389, 396, 405, 418, 419, 421, 424, 425, 429, 432, 434, 437, 439, 444, 445, 446, 449, 450, 451, 456, 458, 460, 462, 463, 467, 474, 478, 479, 485, 486, 487, 488, 489, 490, 492, 494, 497, 499, 504]
r17_r: [517, 518, 7, 520, 524, 528, 530, 531, 20, 23, 25, 27, 29, 543, 34, 35, 37, 39, 552, 41, 554, 555, 44, 557, 558, 47, 559, 563, 565, 54, 55, 568, 570, 59, 571, 572, 61, 62, 65, 66, 578, 581, 70, 583, 584, 585, 74, 76, 592, 81, 593, 595, 85, 87, 599, 600, 601, 603, 604, 93, 605, 95, 607, 96, 97, 100, 612, 613, 614, 103, 104, 617, 619, 621, 111, 112, 113, 115, 122, 634, 123, 636, 129, 646, 135, 648, 138, 139, 651, 140, 655, 144, 658, 147, 659, 660, 149, 662, 153, 154, 155, 156, 669, 670, 165, 677, 168, 681, 682, 683, 686, 176, 177, 178, 696, 697, 187, 700, 701, 702, 192, 193, 194, 197, 710, 199, 200, 713, 714, 203, 719, 208, 720, 209, 721, 210, 722, 724, 214, 218, 730, 732, 734, 736, 738, 739, 228, 741, 231, 232, 746, 747, 236, 748, 238, 750, 752, 241, 753, 756, 248, 760, 763, 252, 764, 257, 771, 774, 775, 265, 268, 784, 786, 275, 787, 278, 791, 280, 283, 284, 796, 797, 799, 289, 290, 292, 293, 805, 807, 298, 300, 301, 305, 307, 820, 309, 822, 311, 312, 313, 825, 827, 316, 319, 831, 322, 834, 323, 837, 838, 327, 328, 329, 842, 332, 844, 846, 847, 854, 343, 855, 344, 857, 346, 348, 861, 351, 352, 353, 358, 359, 361, 364, 877, 878, 368, 881, 884, 887, 888, 377, 378, 890, 381, 895, 896, 897, 898, 899, 390, 391, 395, 397, 400, 404, 406, 407, 408, 410, 415, 417, 422, 427, 428, 431, 440, 442, 447, 448, 452, 453, 459, 468, 470, 471, 483, 493, 500, 505, 508]
r18_l: [0, 4, 516, 773, 11, 267, 12, 525, 14, 270, 782, 15, 16, 273, 18, 277, 279, 537, 793, 794, 795, 540, 286, 542, 32, 288, 549, 294, 806, 809, 42, 810, 812, 813, 560, 816, 49, 52, 308, 567, 824, 57, 58, 826, 315, 60, 573, 318, 574, 63, 575, 320, 576, 321, 577, 833, 67, 835, 68, 325, 71, 839, 840, 330, 75, 78, 334, 590, 335, 336, 594, 84, 341, 856, 862, 865, 354, 355, 867, 357, 620, 876, 109, 365, 624, 880, 369, 626, 882, 883, 372, 628, 117, 630, 886, 119, 631, 632, 633, 379, 125, 893, 126, 382, 128, 388, 134, 136, 649, 652, 653, 142, 145, 657, 661, 152, 665, 666, 668, 671, 161, 162, 163, 421, 166, 678, 167, 424, 169, 425, 171, 429, 174, 179, 692, 182, 183, 695, 698, 699, 188, 445, 190, 703, 704, 706, 451, 196, 708, 709, 712, 458, 204, 460, 716, 461, 717, 206, 207, 463, 725, 728, 474, 219, 731, 220, 478, 479, 225, 740, 486, 487, 488, 233, 489, 234, 492, 239, 240, 242, 754, 499, 759, 765, 255]
r18_r: [898, 390, 646, 774, 7, 775, 658, 787, 791, 155, 156, 797, 290, 681, 559, 563, 180, 820, 309, 565, 54, 56, 570, 571, 827, 572, 701, 62, 65, 322, 323, 197, 583, 328, 81, 600, 857, 603, 732, 605, 861, 351, 352, 97, 741, 869, 359, 621, 756, 248]
r19_l: [0, 2, 514, 4, 516, 521, 11, 523, 12, 525, 14, 15, 16, 17, 529, 18, 537, 540, 542, 31, 32, 547, 549, 40, 553, 42, 560, 49, 50, 52, 567, 57, 58, 60, 573, 574, 63, 575, 576, 577, 67, 68, 71, 75, 77, 78, 590, 591, 594, 83, 84, 90, 99, 620, 109, 624, 626, 116, 628, 117, 629, 630, 119, 631, 632, 121, 633, 125, 126, 128, 643, 132, 133, 134, 136, 649, 652, 141, 653, 142, 145, 657, 661, 151, 152, 665, 666, 668, 671, 672, 161, 162, 163, 675, 676, 166, 678, 167, 680, 169, 171, 684, 174, 179, 691, 692, 182, 183, 695, 698, 699, 188, 190, 703, 704, 706, 196, 708, 709, 712, 715, 204, 716, 717, 206, 207, 212, 725, 216, 728, 217, 219, 731, 220, 223, 224, 225, 740, 742, 233, 234, 237, 749, 239, 240, 242, 754, 757, 758, 759, 250, 251, 765, 255, 773, 267, 270, 782, 273, 277, 279, 793, 794, 795, 286, 798, 288, 291, 294, 806, 296, 809, 810, 811, 812, 813, 814, 816, 308, 824, 314, 826, 315, 318, 320, 321, 833, 835, 325, 326, 839, 840, 330, 845, 334, 335, 336, 848, 339, 852, 341, 856, 859, 862, 865, 354, 355, 867, 868, 357, 876, 365, 367, 880, 369, 370, 882, 883, 372, 885, 886, 376, 379, 891, 893, 382, 894, 388, 389, 392, 419, 421, 424, 425, 429, 437, 444, 445, 446, 449, 450, 451, 458, 460, 461, 462, 463, 474, 478, 479, 486, 487, 488, 489, 492, 494, 499]
r19_r: [897, 898, 390, 646, 774, 7, 775, 785, 658, 275, 787, 407, 791, 280, 27, 155, 156, 797, 414, 415, 290, 423, 681, 298, 431, 559, 563, 180, 820, 309, 565, 54, 56, 570, 571, 827, 572, 701, 62, 65, 322, 323, 197, 583, 328, 457, 847, 720, 81, 600, 857, 603, 732, 605, 861, 351, 352, 97, 741, 869, 359, 236, 621, 756, 248]
r20_l: [0, 2, 514, 516, 5, 521, 11, 523, 12, 525, 14, 526, 15, 16, 17, 529, 536, 537, 538, 540, 542, 31, 32, 544, 549, 38, 550, 553, 42, 560, 49, 561, 50, 52, 567, 57, 58, 60, 573, 574, 63, 575, 576, 577, 67, 68, 580, 69, 71, 75, 78, 590, 591, 594, 83, 84, 596, 90, 92, 606, 609, 99, 616, 624, 626, 116, 628, 117, 629, 630, 119, 632, 121, 633, 125, 126, 128, 643, 132, 133, 134, 136, 649, 142, 654, 145, 657, 661, 151, 152, 665, 666, 668, 158, 671, 672, 161, 162, 163, 676, 166, 678, 167, 680, 169, 171, 684, 174, 179, 691, 692, 182, 183, 695, 698, 699, 188, 190, 703, 704, 706, 196, 708, 709, 712, 715, 204, 717, 206, 207, 212, 725, 216, 728, 217, 219, 731, 220, 223, 224, 740, 742, 233, 745, 234, 237, 749, 239, 240, 242, 754, 246, 758, 759, 250, 762, 251, 253, 765, 254, 766, 773, 267, 780, 270, 782, 271, 273, 279, 792, 793, 794, 795, 286, 798, 288, 291, 294, 806, 296, 809, 810, 811, 812, 813, 814, 303, 816, 817, 308, 824, 314, 826, 315, 318, 320, 832, 321, 833, 835, 325, 326, 839, 840, 330, 845, 334, 336, 848, 339, 852, 341, 856, 859, 862, 865, 354, 355, 867, 868, 357, 874, 876, 365, 367, 880, 369, 370, 882, 883, 372, 885, 886, 376, 379, 891, 893, 382, 894, 388, 389, 392, 412, 419, 421, 424, 429, 437, 445, 446, 449, 450, 451, 458, 461, 462, 463, 469, 474, 478, 479, 481, 486, 487, 488, 492, 494, 497, 499, 506, 511]
r20_r: [897, 322, 898, 323, 390, 646, 774, 583, 775, 328, 658, 787, 791, 857, 155, 156, 605, 797, 414, 351, 741, 869, 359, 621, 563, 180, 756, 820, 309, 54, 56, 248]
r21_l: [0, 1, 2, 514, 4, 516, 5, 519, 521, 11, 523, 12, 525, 14, 526, 15, 16, 17, 529, 18, 535, 536, 537, 538, 540, 30, 542, 31, 32, 544, 547, 549, 38, 550, 40, 553, 42, 556, 560, 49, 561, 50, 52, 567, 57, 569, 58, 60, 573, 574, 63, 575, 576, 577, 67, 68, 580, 69, 582, 71, 72, 586, 75, 77, 78, 590, 591, 594, 83, 84, 596, 90, 91, 92, 606, 609, 99, 616, 106, 618, 620, 109, 624, 626, 116, 628, 117, 629, 630, 119, 631, 632, 121, 633, 125, 126, 128, 643, 132, 644, 133, 134, 136, 649, 652, 141, 653, 142, 654, 145, 657, 146, 148, 661, 151, 663, 152, 665, 666, 668, 158, 671, 672, 161, 162, 163, 675, 676, 166, 678, 167, 680, 169, 171, 172, 684, 173, 174, 689, 690, 179, 691, 692, 182, 183, 695, 185, 698, 699, 188, 189, 190, 703, 704, 706, 707, 196, 708, 709, 198, 711, 712, 202, 715, 204, 716, 717, 206, 207, 211, 212, 725, 726, 727, 216, 728, 217, 219, 731, 220, 223, 224, 225, 226, 740, 742, 233, 745, 234, 237, 749, 239, 240, 242, 754, 757, 246, 758, 247, 759, 250, 762, 251, 253, 765, 254, 766, 255, 258, 773, 263, 266, 267, 779, 780, 270, 782, 271, 273, 277, 279, 792, 793, 794, 795, 285, 286, 798, 288, 291, 294, 806, 295, 296, 809, 810, 811, 812, 813, 814, 303, 816, 817, 306, 308, 824, 314, 826, 315, 828, 317, 829, 318, 320, 832, 321, 833, 835, 836, 325, 326, 839, 840, 330, 845, 334, 335, 336, 848, 849, 850, 339, 852, 341, 856, 858, 859, 349, 862, 865, 354, 355, 867, 868, 357, 870, 360, 872, 874, 875, 876, 365, 367, 879, 880, 369, 370, 882, 883, 372, 885, 886, 376, 379, 891, 893, 382, 894, 383, 384, 388, 389, 392, 403, 405, 412, 419, 421, 424, 425, 429, 432, 437, 444, 445, 446, 449, 450, 451, 458, 460, 461, 462, 463, 469, 474, 475, 478, 479, 481, 484, 485, 486, 487, 488, 489, 490, 491, 492, 494, 497, 499, 506, 511]
r21_r: [897, 898, 390, 646, 774, 7, 775, 785, 658, 275, 787, 789, 407, 791, 280, 27, 155, 156, 797, 414, 415, 290, 164, 423, 681, 298, 431, 559, 563, 180, 820, 309, 565, 54, 56, 186, 570, 571, 827, 572, 701, 62, 65, 322, 323, 197, 583, 328, 457, 847, 720, 81, 600, 857, 603, 732, 605, 861, 351, 352, 97, 737, 741, 869, 359, 236, 621, 496, 756, 248]
r22_l: [0, 1, 2, 4, 5, 10, 11, 12, 14, 15, 16, 17, 18, 30, 31, 32, 33, 38, 40, 42, 43, 45, 49, 50, 51, 52, 53, 57, 58, 60, 63, 64, 67, 68, 69, 71, 72, 75, 77, 78, 79, 80, 83, 84, 89, 90, 91, 92, 99, 105, 106, 108, 109, 116, 117, 119, 121, 124, 125, 126, 128, 130, 132, 133, 134, 136, 141, 142, 145, 146, 148, 151, 152, 158, 160, 161, 162, 163, 166, 167, 169, 171, 172, 173, 174, 175, 179, 182, 183, 185, 188, 189, 190, 191, 196, 198, 202, 204, 206, 207, 211, 212, 216, 217, 219, 220, 222, 223, 224, 225, 226, 233, 234, 237, 239, 240, 242, 244, 246, 247, 249, 250, 251, 253, 254, 255, 258, 263, 266, 267, 270, 271, 272, 273, 277, 279, 285, 286, 288, 291, 294, 295, 296, 303, 306, 308, 310, 314, 315, 317, 318, 320, 321, 324, 325, 326, 330, 331, 333, 334, 335, 336, 339, 341, 342, 347, 349, 354, 355, 357, 360, 365, 367, 369, 370, 372, 376, 379, 380, 382, 383, 384, 388, 389, 392, 393, 396, 403, 405, 412, 418, 419, 421, 424, 425, 429, 432, 434, 437, 439, 444, 445, 446, 449, 450, 451, 456, 458, 460, 461, 462, 463, 467, 469, 474, 475, 478, 479, 481, 484, 485, 486, 487, 488, 489, 490, 491, 492, 494, 497, 499, 502, 504, 506, 511, 514, 516, 519, 521, 522, 523, 525, 526, 527, 529, 533, 535, 536, 537, 538, 540, 542, 544, 546, 547, 548, 549, 550, 551, 553, 556, 560, 561, 564, 567, 569, 573, 574, 575, 576, 577, 580, 582, 586, 588, 590, 591, 594, 596, 606, 609, 610, 611, 616, 618, 620, 624, 626, 627, 628, 629, 630, 631, 632, 633, 635, 637, 641, 643, 644, 649, 652, 653, 654, 656, 657, 661, 663, 665, 666, 668, 671, 672, 675, 676, 678, 679, 680, 684, 688, 689, 690, 691, 692, 695, 698, 699, 703, 704, 705, 706, 707, 708, 709, 711, 712, 715, 716, 717, 718, 725, 726, 727, 728, 731, 740, 742, 743, 745, 749, 754, 755, 757, 758, 759, 762, 765, 766, 769, 773, 776, 779, 780, 781, 782, 783, 788, 790, 792, 793, 794, 795, 798, 800, 806, 809, 810, 811, 812, 813, 814, 816, 817, 824, 826, 828, 829, 832, 833, 835, 836, 839, 840, 841, 843, 845, 848, 849, 850, 852, 856, 858, 859, 862, 864, 865, 867, 868, 870, 872, 874, 875, 876, 879, 880, 882, 883, 885, 886, 891, 892, 893, 894]
r22_r: [517, 518, 7, 520, 524, 528, 530, 531, 20, 534, 23, 25, 26, 27, 28, 29, 541, 543, 34, 35, 37, 39, 552, 41, 554, 555, 44, 557, 558, 47, 559, 48, 563, 565, 54, 566, 55, 56, 568, 570, 59, 571, 572, 61, 62, 65, 66, 578, 581, 70, 583, 584, 585, 74, 76, 592, 81, 593, 82, 595, 85, 87, 599, 88, 600, 601, 603, 604, 93, 605, 94, 95, 607, 96, 608, 97, 100, 612, 613, 102, 614, 103, 104, 617, 107, 619, 621, 111, 112, 113, 115, 120, 122, 634, 123, 636, 127, 129, 642, 645, 646, 135, 648, 138, 650, 139, 651, 140, 655, 144, 658, 147, 659, 660, 149, 662, 664, 153, 154, 155, 156, 669, 670, 674, 164, 165, 677, 168, 681, 682, 683, 685, 686, 176, 177, 178, 180, 696, 697, 186, 187, 700, 701, 702, 192, 193, 194, 195, 197, 710, 199, 200, 713, 714, 203, 719, 208, 720, 209, 721, 210, 722, 723, 724, 214, 218, 730, 732, 221, 733, 734, 736, 737, 738, 739, 228, 741, 231, 232, 746, 235, 747, 236, 748, 238, 750, 751, 752, 241, 753, 243, 756, 248, 760, 763, 252, 764, 767, 256, 257, 771, 260, 774, 775, 265, 268, 784, 785, 274, 786, 275, 787, 789, 278, 791, 280, 281, 282, 283, 284, 796, 797, 287, 799, 289, 801, 290, 803, 292, 293, 805, 807, 297, 298, 300, 301, 304, 305, 307, 820, 309, 822, 311, 312, 313, 825, 827, 316, 319, 831, 322, 834, 323, 837, 838, 327, 328, 329, 842, 332, 844, 846, 847, 338, 851, 340, 854, 343, 855, 344, 345, 857, 346, 348, 860, 861, 351, 352, 353, 869, 358, 359, 361, 873, 363, 364, 877, 878, 368, 881, 884, 375, 887, 888, 377, 889, 378, 890, 381, 895, 896, 897, 898, 899, 390, 391, 395, 397, 399, 400, 401, 402, 404, 406, 407, 408, 410, 414, 415, 417, 420, 422, 423, 426, 427, 428, 431, 438, 440, 442, 443, 447, 448, 452, 453, 454, 457, 459, 465, 466, 468, 470, 471, 476, 477, 483, 493, 496, 498, 500, 505, 508]
r23_l: [513, 517, 518, 7, 8, 520, 524, 13, 528, 530, 19, 531, 20, 532, 24, 25, 27, 539, 29, 34, 35, 36, 37, 39, 552, 41, 554, 555, 44, 557, 558, 47, 559, 562, 565, 54, 55, 568, 570, 59, 571, 572, 61, 62, 65, 66, 578, 579, 581, 70, 583, 584, 73, 585, 74, 587, 76, 592, 81, 593, 595, 85, 86, 598, 87, 599, 600, 601, 602, 603, 604, 93, 605, 95, 607, 96, 97, 100, 612, 613, 614, 103, 104, 617, 619, 621, 110, 622, 111, 112, 113, 625, 114, 115, 118, 122, 634, 123, 636, 638, 639, 640, 129, 646, 648, 138, 139, 651, 140, 655, 144, 658, 147, 659, 660, 149, 150, 662, 153, 154, 155, 667, 156, 157, 669, 670, 159, 165, 677, 168, 681, 682, 683, 686, 176, 177, 178, 694, 184, 696, 697, 187, 700, 701, 702, 192, 193, 194, 197, 710, 199, 200, 201, 713, 714, 203, 719, 208, 720, 209, 721, 210, 722, 724, 213, 214, 215, 218, 730, 732, 734, 736, 738, 228, 229, 741, 231, 232, 744, 746, 236, 748, 238, 750, 752, 241, 753, 756, 245, 248, 760, 763, 252, 764, 768, 257, 259, 771, 261, 262, 774, 775, 264, 265, 778, 268, 269, 784, 786, 275, 787, 276, 278, 791, 280, 283, 284, 796, 797, 799, 289, 290, 802, 292, 293, 805, 807, 808, 298, 299, 300, 301, 815, 305, 818, 307, 820, 309, 822, 311, 823, 312, 313, 825, 827, 316, 830, 319, 831, 322, 834, 323, 837, 838, 327, 328, 329, 842, 332, 844, 846, 847, 337, 853, 854, 343, 855, 344, 857, 346, 348, 861, 350, 351, 863, 352, 353, 866, 358, 359, 871, 361, 364, 877, 368, 881, 371, 884, 374, 887, 888, 377, 378, 890, 895, 896, 385, 897, 386, 898, 387, 390, 391, 395, 397, 398, 400, 404, 406, 407, 408, 409, 413, 415, 417, 422, 427, 428, 430, 431, 433, 435, 436, 440, 442, 447, 448, 452, 453, 455, 459, 464, 468, 470, 471, 473, 483, 493, 495, 500, 503, 505, 508, 509, 510]
r23_r: [0, 1, 514, 4, 516, 11, 267, 525, 14, 270, 782, 15, 783, 16, 529, 533, 535, 794, 795, 285, 30, 32, 291, 547, 549, 294, 806, 40, 809, 810, 813, 560, 816, 50, 308, 310, 58, 826, 573, 829, 318, 574, 63, 64, 320, 67, 835, 68, 839, 330, 586, 75, 77, 845, 334, 590, 335, 336, 848, 594, 341, 856, 347, 349, 865, 99, 867, 357, 875, 876, 109, 879, 880, 370, 883, 372, 628, 885, 630, 631, 376, 633, 379, 124, 125, 126, 133, 389, 649, 653, 657, 405, 661, 663, 666, 671, 162, 163, 166, 678, 167, 169, 425, 429, 179, 691, 692, 182, 439, 445, 446, 196, 709, 712, 202, 460, 462, 207, 211, 212, 725, 727, 216, 217, 219, 731, 220, 478, 479, 224, 485, 488, 233, 489, 490, 492, 240, 497, 242, 754, 499, 758, 247, 759, 504, 765, 255]
