r1_l: [132, 5, 133, 72, 136, 11, 203, 14, 15, 145, 83, 20, 213, 23, 159, 34, 226, 227, 228, 101, 167, 105, 106, 109, 48, 50, 114, 53, 188, 63]
r1_r: [3, 4, 6, 7, 8, 9, 10, 12, 13, 17, 18, 19, 21, 22, 24, 26, 27, 28, 30, 31, 32, 33, 36, 37, 38, 40, 43, 46, 52, 54, 56, 58, 60, 61, 64, 65, 66, 67, 68, 70, 71, 73, 74, 75, 76, 77, 78, 79, 81, 82, 84, 86, 87, 91, 92, 94, 95, 96, 100, 103, 104, 107, 110, 112, 117, 120, 121, 122, 123, 124, 125, 130, 131, 137, 138, 140, 146, 149, 150, 151, 153, 156, 157, 161, 163, 164, 165, 166, 169, 170, 172, 176, 178, 179, 180, 181, 182, 183, 184, 185, 187, 190, 191, 197, 198, 199, 200, 201, 202, 204, 206, 207, 208, 209, 210, 211, 215, 216, 217, 220, 224, 225, 229, 230, 232]
r2_l: [3, 132, 5, 133, 136, 9, 11, 14, 15, 145, 20, 21, 149, 150, 23, 151, 153, 156, 159, 32, 34, 37, 165, 167, 169, 170, 48, 176, 50, 178, 52, 53, 183, 56, 187, 60, 188, 190, 63, 67, 68, 70, 199, 72, 203, 83, 213, 217, 220, 94, 226, 227, 228, 101, 105, 106, 109, 114, 120, 123]
r2_r: [64, 192, 65, 2, 131, 135, 202, 12, 204, 78, 80, 17, 81, 209, 18, 82, 210, 19, 22, 87, 27, 91, 28, 30, 95, 33, 161, 225, 98, 100, 229, 43, 107, 180, 181, 54, 184, 121, 185, 122, 125]
r3_l: [3, 4, 132, 5, 133, 6, 136, 9, 137, 10, 138, 11, 140, 13, 14, 15, 145, 20, 21, 149, 150, 23, 151, 24, 153, 26, 156, 157, 159, 32, 34, 163, 36, 37, 165, 167, 40, 169, 170, 172, 46, 48, 176, 50, 178, 179, 52, 53, 182, 183, 56, 187, 60, 188, 190, 63, 67, 68, 70, 198, 199, 72, 200, 203, 76, 79, 208, 83, 211, 84, 213, 86, 217, 92, 220, 94, 96, 224, 226, 227, 228, 101, 103, 232, 105, 106, 109, 114, 120, 123]
r3_r: [64, 192, 65, 2, 131, 135, 202, 12, 204, 78, 80, 17, 81, 209, 18, 82, 210, 19, 22, 87, 27, 91, 28, 30, 95, 33, 161, 225, 98, 100, 229, 43, 107, 180, 181, 54, 184, 121, 185, 122, 125]
r4_l: [130, 131, 71, 204, 77, 206, 17, 209, 18, 146, 87, 215, 216, 27, 91, 28, 157, 31, 95, 33, 100, 164, 229, 104, 117, 181, 54, 184, 185, 122, 124]
r4_r: [64, 192, 3, 132, 5, 135, 11, 203, 12, 14, 15, 80, 83, 20, 153, 220, 159, 32, 34, 227, 36, 228, 101, 103, 106, 43, 109, 48, 50, 114, 120, 187, 188, 190, 63]
r5_l: [1, 193, 130, 194, 131, 195, 69, 71, 73, 201, 74, 142, 206, 207, 16, 209, 85, 22, 215, 152, 216, 218, 155, 28, 29, 221, 162, 38, 171, 44, 108, 49, 113, 115, 116, 181, 118, 184, 127, 191]
r5_r: [64, 192, 65, 3, 132, 5, 199, 136, 11, 203, 14, 78, 19, 83, 20, 149, 213, 217, 220, 30, 32, 161, 225, 226, 227, 228, 37, 101, 105, 106, 170, 107, 109, 179, 180, 53, 183, 185, 123, 187, 188, 125, 190, 63]
r6_l: [0, 128, 1, 129, 130, 131, 7, 142, 16, 17, 18, 146, 147, 148, 22, 152, 154, 27, 155, 28, 158, 31, 33, 162, 164, 38, 166, 168, 41, 42, 44, 45, 175, 49, 181, 54, 184, 58, 59, 61, 189, 191, 66, 195, 196, 69, 197, 71, 73, 201, 74, 204, 77, 205, 206, 207, 209, 85, 87, 215, 216, 89, 218, 219, 93, 221, 95, 97, 99, 100, 230, 104, 108, 110, 111, 115, 117, 118, 122, 124, 127]
r6_r: [3, 132, 136, 11, 12, 14, 145, 19, 20, 149, 151, 153, 30, 159, 32, 161, 34, 36, 37, 48, 50, 178, 179, 53, 183, 56, 185, 187, 190, 63, 64, 192, 65, 67, 199, 72, 80, 81, 83, 213, 217, 225, 227, 228, 101, 103, 105, 106, 107, 112, 123, 125]
r7_l: [0, 1, 7, 16, 17, 18, 22, 25, 27, 28, 29, 31, 33, 35, 38, 39, 41, 42, 43, 44, 45, 47, 49, 51, 55, 57, 58, 59, 61, 62, 69, 71, 73, 74, 77, 85, 87, 88, 89, 90, 93, 95, 97, 99, 100, 102, 104, 107, 108, 110, 111, 113, 115, 116, 118, 119, 122, 125, 126, 127, 128, 129, 130, 131, 134, 139, 141, 142, 143, 144, 146, 147, 148, 152, 154, 155, 158, 161, 162, 164, 166, 168, 171, 174, 175, 177, 181, 184, 189, 191, 193, 194, 195, 196, 201, 204, 205, 206, 207, 209, 210, 212, 214, 215, 216, 218, 219, 221, 222, 223, 229, 230, 231]
r7_r: [3, 132, 5, 8, 136, 11, 14, 145, 20, 149, 151, 157, 32, 36, 37, 170, 178, 179, 52, 53, 183, 56, 187, 188, 190, 63, 66, 197, 199, 72, 75, 203, 83, 213, 217, 220, 226, 227, 228, 101, 103, 105, 106, 109, 112, 117, 120, 123, 124]
