r1_l: [64, 128, 194, 3, 131, 132, 6, 72, 204, 141, 80, 83, 20, 212, 23, 95, 159, 98, 226, 35, 102, 103, 168, 107, 111, 48, 51, 189, 63, 127]
r1_r: [192, 1, 65, 4, 68, 5, 70, 198, 7, 200, 10, 11, 13, 208, 81, 146, 21, 85, 149, 150, 90, 154, 155, 220, 93, 224, 33, 100, 37, 165, 229, 41, 170, 171, 44, 178, 116, 180, 53, 181, 118, 187, 188]
r2_l: [64, 192, 4, 132, 6, 199, 72, 9, 75, 204, 141, 15, 145, 83, 147, 20, 212, 217, 154, 155, 156, 220, 33, 98, 226, 163, 227, 100, 37, 38, 102, 230, 103, 107, 171, 111, 178, 179, 53, 54, 182, 119, 120, 57, 187, 189, 63, 127]
r2_r: [1, 65, 129, 193, 2, 66, 194, 3, 131, 138, 11, 203, 78, 16, 80, 81, 82, 210, 19, 148, 151, 24, 152, 89, 218, 91, 31, 95, 161, 225, 162, 228, 104, 105, 44, 112, 176, 49, 116, 180, 55, 184, 121, 124]
r3_l: [129, 4, 132, 5, 133, 6, 134, 7, 9, 10, 14, 15, 145, 146, 147, 20, 149, 25, 154, 155, 156, 159, 33, 35, 163, 164, 37, 165, 38, 171, 173, 46, 48, 178, 51, 179, 53, 181, 54, 182, 57, 187, 61, 189, 63, 192, 67, 68, 198, 199, 72, 75, 76, 204, 79, 208, 83, 85, 217, 92, 220, 93, 224, 98, 226, 227, 100, 229, 230, 103, 233, 107, 110, 111, 118, 119, 120, 127]
r3_r: [1, 65, 129, 66, 194, 3, 131, 73, 11, 203, 78, 80, 81, 82, 210, 19, 24, 89, 31, 95, 161, 225, 228, 39, 167, 104, 44, 116, 180, 55, 183, 121, 185]
r4_l: [198, 7, 71, 199, 10, 12, 13, 77, 205, 79, 17, 209, 18, 85, 149, 22, 86, 214, 24, 88, 216, 153, 90, 28, 156, 29, 32, 97, 34, 228, 101, 230, 104, 41, 233, 173, 117, 181, 55, 183, 120, 184, 126]
r4_r: [64, 192, 65, 66, 194, 4, 132, 6, 70, 204, 141, 80, 81, 82, 146, 83, 147, 20, 212, 150, 23, 154, 155, 220, 31, 159, 33, 98, 226, 227, 100, 37, 229, 38, 102, 168, 107, 44, 111, 178, 54, 57, 187, 189, 127]
r5_l: [2, 8, 138, 16, 144, 17, 148, 22, 151, 152, 28, 29, 157, 32, 160, 34, 162, 169, 42, 43, 45, 47, 49, 186, 59, 60, 190, 193, 69, 201, 74, 77, 205, 209, 84, 86, 214, 88, 218, 219, 221, 94, 101, 231, 105, 109, 112, 117, 123, 124, 126]
r5_r: [128, 192, 1, 65, 194, 68, 132, 6, 141, 80, 20, 212, 21, 150, 154, 220, 159, 33, 98, 226, 35, 37, 229, 168, 170, 107, 171, 48, 178, 54, 187, 188, 63]
r6_l: [0, 2, 130, 135, 8, 137, 138, 139, 12, 140, 142, 143, 16, 144, 17, 148, 22, 151, 152, 27, 28, 29, 157, 30, 158, 32, 34, 162, 36, 166, 40, 169, 43, 172, 45, 47, 175, 176, 49, 177, 50, 56, 59, 60, 62, 190, 193, 195, 196, 69, 197, 71, 201, 74, 202, 77, 205, 206, 209, 84, 213, 86, 214, 87, 88, 216, 218, 91, 221, 222, 223, 96, 97, 99, 101, 231, 232, 105, 106, 108, 109, 112, 113, 114, 115, 117, 122, 123, 124, 125, 126]
r6_r: [128, 192, 1, 65, 194, 132, 6, 70, 141, 80, 20, 212, 150, 154, 220, 159, 33, 98, 226, 35, 37, 229, 168, 107, 171, 48, 178, 54, 187, 63]
