r1_l: [66, 67, 197, 134, 199, 200, 75, 78, 142, 16, 81, 210, 149, 213, 152, 216, 154, 95, 159, 96, 160, 97, 162, 163, 38, 102, 168, 107, 173, 48, 112, 176, 177, 178, 52, 117, 184, 57, 123, 60, 127]
r1_r: [0, 129, 193, 3, 196, 6, 70, 8, 9, 73, 138, 139, 76, 140, 17, 19, 147, 148, 22, 215, 88, 25, 91, 156, 94, 158, 32, 161, 34, 37, 39, 40, 41, 42, 106, 45, 46, 115, 179, 55, 56, 121, 122, 59, 124, 191]
r2_l: [134, 7, 12, 142, 16, 18, 149, 150, 23, 151, 152, 153, 154, 155, 159, 160, 33, 162, 163, 38, 168, 171, 173, 48, 176, 177, 50, 178, 51, 52, 180, 181, 182, 183, 184, 57, 186, 60, 189, 62, 63, 65, 66, 194, 67, 195, 197, 199, 200, 202, 75, 78, 207, 80, 81, 82, 210, 83, 212, 85, 213, 86, 214, 216, 89, 92, 93, 95, 96, 97, 100, 101, 102, 103, 104, 107, 112, 117, 123, 125, 127]
r2_r: [0, 129, 193, 3, 196, 6, 70, 8, 9, 73, 138, 139, 76, 140, 17, 19, 147, 148, 22, 215, 88, 25, 91, 156, 94, 158, 32, 161, 34, 37, 39, 40, 41, 42, 106, 45, 46, 115, 179, 55, 56, 121, 122, 59, 124, 191]
r3_l: [193, 3, 196, 6, 70, 9, 138, 76, 19, 147, 88, 25, 91, 156, 94, 158, 34, 37, 39, 40, 41, 42, 46, 115, 179, 55, 121, 122, 59, 124, 191]
r3_r: [65, 133, 197, 134, 199, 136, 200, 74, 202, 75, 13, 78, 209, 210, 149, 213, 150, 214, 152, 153, 154, 159, 96, 160, 162, 163, 100, 102, 168, 170, 171, 173, 48, 112, 178, 52, 183, 184, 57, 188, 125, 63, 127]
r4_l: [0, 1, 129, 3, 4, 6, 8, 9, 137, 138, 139, 140, 14, 17, 19, 147, 148, 24, 25, 27, 156, 157, 158, 161, 34, 35, 36, 164, 37, 166, 39, 40, 41, 42, 45, 46, 174, 47, 179, 54, 55, 58, 59, 191, 193, 196, 70, 198, 71, 73, 76, 211, 215, 88, 91, 94, 106, 115, 121, 122, 124]
r4_r: [65, 197, 134, 199, 136, 200, 202, 75, 13, 78, 80, 209, 210, 149, 213, 150, 214, 152, 153, 154, 92, 93, 159, 96, 160, 162, 163, 100, 101, 102, 168, 170, 171, 173, 48, 112, 178, 52, 117, 183, 184, 57, 188, 125, 63, 127]
r5_l: [0, 1, 129, 2, 130, 3, 4, 5, 6, 135, 8, 9, 137, 10, 138, 11, 139, 140, 14, 15, 17, 19, 147, 20, 148, 21, 22, 24, 25, 27, 28, 156, 157, 158, 32, 161, 34, 35, 36, 164, 37, 166, 39, 40, 41, 42, 44, 45, 46, 174, 47, 179, 54, 55, 56, 185, 58, 59, 187, 61, 191, 192, 193, 196, 70, 198, 71, 73, 201, 203, 76, 77, 205, 206, 79, 211, 215, 88, 91, 94, 106, 109, 110, 111, 114, 115, 119, 121, 122, 124, 126]
r5_r: [65, 197, 134, 199, 136, 200, 202, 75, 13, 78, 80, 209, 210, 149, 213, 150, 214, 152, 153, 154, 92, 93, 159, 96, 160, 162, 163, 100, 101, 102, 168, 170, 171, 173, 48, 112, 178, 52, 116, 117, 183, 184, 57, 188, 125, 63, 127]
