r1_l: [0, 2, 3, 68, 69, 71, 392, 10, 205, 142, 144, 150, 154, 218, 286, 223, 226, 233, 234, 235, 366, 303, 241, 305, 369, 306, 372, 373, 374, 375, 313, 379]
r1_r: [5, 18, 21, 22, 23, 25, 26, 27, 28, 30, 32, 33, 34, 35, 36, 38, 39, 40, 42, 44, 46, 47, 49, 50, 54, 55, 56, 57, 58, 59, 60, 61, 62, 65, 73, 74, 75, 76, 77, 78, 80, 81, 82, 83, 85, 86, 91, 92, 93, 96, 97, 98, 99, 100, 101, 102, 103, 104, 107, 108, 109, 110, 111, 113, 114, 115, 116, 117, 118, 119, 120, 121, 122, 123, 124, 125, 129, 130, 132, 133, 139, 140, 145, 147, 148, 149, 151, 152, 156, 157, 158, 159, 164, 165, 167, 168, 169, 170, 172, 173, 175, 176, 177, 179, 181, 182, 185, 186, 187, 190, 192, 193, 195, 196, 197, 198, 202, 203, 204, 206, 207, 209, 210, 212, 214, 216, 219, 220, 221, 222, 224, 225, 227, 229, 230, 232, 237, 238, 239, 240, 242, 243, 244, 245, 247, 249, 251, 252, 253, 254, 255, 256, 257, 259, 260, 262, 264, 265, 266, 267, 268, 270, 271, 273, 274, 276, 278, 280, 281, 282, 284, 285, 288, 289, 290, 291, 292, 293, 294, 297, 298, 299, 300, 301, 307, 308, 309, 311, 312, 314, 315, 316, 317, 318, 319, 320, 321, 322, 325, 326, 327, 328, 329, 330, 331, 334, 335, 336, 337, 338, 339, 340, 342, 343, 345, 347, 348, 349, 350, 351, 353, 354, 355, 356, 358, 359, 360, 361, 362, 363, 370, 378, 381, 383, 384, 386, 387, 388, 389, 390, 391, 393, 394, 396, 397, 398, 399, 400, 401, 402, 404, 405, 406, 409, 410, 412, 413, 417, 418, 422, 423, 424, 427, 428, 429, 430, 431]
r2_l: [256, 5, 264, 267, 270, 15, 271, 16, 273, 25, 26, 27, 28, 29, 30, 32, 35, 291, 294, 39, 40, 42, 44, 300, 47, 50, 308, 309, 54, 55, 311, 56, 312, 57, 58, 315, 317, 318, 319, 320, 321, 322, 328, 73, 329, 330, 75, 331, 76, 77, 335, 336, 82, 83, 339, 84, 340, 85, 86, 342, 345, 92, 348, 93, 96, 97, 98, 99, 101, 103, 362, 110, 111, 113, 114, 115, 116, 117, 121, 125, 381, 383, 384, 129, 131, 387, 390, 135, 391, 396, 397, 400, 145, 401, 402, 147, 148, 404, 405, 406, 151, 409, 156, 412, 157, 413, 158, 159, 417, 164, 422, 423, 168, 170, 427, 172, 173, 429, 430, 175, 176, 177, 179, 181, 185, 187, 191, 192, 193, 195, 198, 202, 203, 206, 207, 209, 217, 219, 227, 237, 238, 239, 243, 244, 245, 247, 251, 253, 254, 255]
r2_r: [385, 2, 3, 69, 71, 72, 392, 10, 205, 269, 333, 272, 146, 403, 213, 277, 341, 279, 24, 153, 218, 283, 94, 286, 31, 160, 228, 421, 295, 171, 236, 302, 367, 304, 368, 432, 305, 371, 180, 372, 53, 310, 184, 313, 250, 379, 127]
r3_l: [0, 5, 15, 16, 18, 20, 25, 26, 27, 28, 29, 30, 32, 34, 35, 36, 37, 39, 40, 42, 43, 44, 45, 46, 47, 49, 50, 54, 55, 56, 57, 58, 60, 62, 68, 73, 74, 75, 76, 77, 82, 83, 84, 85, 86, 91, 92, 93, 96, 98, 99, 101, 103, 104, 109, 110, 111, 113, 114, 115, 116, 117, 120, 121, 122, 125, 129, 131, 132, 135, 145, 147, 148, 151, 152, 156, 157, 158, 159, 164, 165, 168, 170, 172, 175, 176, 177, 179, 181, 182, 185, 187, 190, 191, 192, 193, 195, 198, 202, 203, 206, 207, 209, 214, 217, 219, 223, 226, 227, 234, 237, 238, 239, 240, 242, 243, 244, 245, 247, 249, 251, 252, 253, 255, 256, 264, 265, 267, 270, 271, 273, 274, 276, 278, 280, 282, 288, 289, 291, 294, 299, 300, 308, 309, 311, 312, 315, 317, 318, 319, 320, 321, 322, 328, 329, 330, 331, 334, 335, 339, 340, 342, 343, 345, 348, 349, 358, 362, 363, 381, 383, 384, 387, 389, 390, 396, 397, 400, 401, 402, 404, 405, 406, 409, 412, 413, 417, 422, 423, 427, 428, 429, 430]
r3_r: [385, 194, 3, 134, 71, 199, 392, 205, 143, 208, 272, 146, 403, 277, 341, 88, 153, 286, 228, 421, 105, 106, 426, 236, 365, 367, 304, 368, 432, 305, 372, 310, 313, 377]
r4_l: [385, 2, 3, 69, 71, 72, 392, 10, 205, 269, 333, 272, 146, 403, 213, 277, 341, 279, 24, 153, 218, 283, 94, 286, 31, 160, 228, 421, 295, 171, 236, 302, 367, 304, 368, 432, 305, 371, 180, 372, 53, 310, 184, 313, 250, 379, 127]
r4_r: [256, 5, 264, 267, 270, 15, 271, 16, 273, 25, 26, 27, 28, 29, 30, 32, 35, 291, 38, 294, 39, 40, 42, 44, 300, 47, 50, 308, 309, 54, 55, 311, 56, 312, 57, 58, 315, 317, 318, 319, 320, 321, 322, 328, 73, 329, 330, 75, 331, 76, 77, 335, 336, 82, 83, 339, 84, 340, 85, 86, 342, 345, 92, 348, 93, 96, 97, 98, 99, 101, 103, 362, 110, 111, 113, 114, 115, 116, 117, 121, 125, 381, 383, 384, 129, 131, 387, 390, 135, 391, 396, 397, 400, 145, 401, 402, 147, 148, 404, 405, 406, 151, 409, 156, 412, 157, 413, 158, 159, 417, 418, 164, 422, 423, 168, 170, 427, 172, 173, 429, 430, 175, 176, 177, 179, 181, 185, 187, 191, 192, 193, 195, 198, 202, 203, 206, 207, 209, 217, 219, 227, 237, 238, 239, 243, 244, 245, 247, 251, 253, 254, 255]
r5_l: [1, 385, 2, 3, 7, 263, 392, 137, 10, 138, 395, 12, 269, 14, 272, 146, 275, 403, 277, 279, 407, 24, 153, 283, 286, 31, 415, 160, 419, 421, 295, 296, 41, 171, 174, 302, 304, 432, 305, 52, 180, 53, 310, 183, 184, 313, 188, 66, 323, 324, 69, 71, 72, 201, 332, 205, 333, 211, 213, 341, 218, 94, 352, 228, 357, 235, 236, 367, 112, 368, 241, 371, 372, 374, 376, 250, 379, 380, 126, 127]
r5_r: [256, 5, 264, 267, 13, 270, 15, 271, 16, 273, 19, 25, 26, 27, 28, 29, 30, 32, 35, 291, 38, 294, 39, 40, 42, 44, 300, 47, 50, 51, 308, 309, 54, 55, 311, 56, 312, 57, 58, 315, 317, 318, 319, 320, 321, 322, 327, 328, 73, 329, 330, 75, 331, 76, 77, 335, 336, 82, 83, 339, 84, 340, 85, 86, 342, 345, 92, 348, 93, 96, 97, 98, 99, 356, 101, 103, 362, 110, 111, 113, 114, 115, 116, 117, 375, 121, 125, 381, 383, 384, 129, 131, 387, 390, 135, 391, 396, 397, 400, 145, 401, 402, 147, 148, 404, 405, 406, 151, 409, 156, 412, 157, 413, 158, 159, 417, 418, 164, 422, 423, 168, 170, 427, 172, 173, 429, 430, 175, 176, 177, 179, 181, 185, 187, 191, 192, 193, 195, 198, 202, 203, 206, 207, 209, 217, 219, 227, 237, 238, 239, 243, 244, 245, 247, 251, 253, 254, 255]
r6_l: [1, 2, 258, 3, 261, 6, 7, 263, 9, 10, 272, 275, 277, 279, 24, 283, 286, 31, 296, 41, 304, 305, 52, 53, 310, 313, 66, 323, 324, 69, 70, 71, 72, 333, 341, 88, 344, 89, 90, 346, 94, 95, 352, 357, 105, 106, 364, 365, 367, 112, 368, 371, 372, 374, 377, 380, 126, 127, 385, 134, 392, 137, 138, 141, 143, 146, 403, 407, 408, 153, 155, 411, 414, 415, 160, 416, 162, 163, 420, 421, 425, 426, 171, 174, 432, 178, 180, 183, 188, 189, 194, 199, 200, 201, 205, 208, 211, 213, 218, 228, 235, 236, 241, 246, 248, 250]
r6_r: [0, 5, 13, 15, 16, 18, 20, 25, 26, 27, 28, 29, 30, 32, 34, 35, 36, 37, 38, 39, 40, 42, 43, 44, 45, 46, 47, 49, 50, 51, 54, 55, 56, 57, 58, 60, 62, 68, 73, 74, 75, 76, 77, 82, 83, 84, 85, 86, 91, 92, 93, 96, 97, 98, 99, 101, 103, 104, 109, 110, 111, 113, 114, 115, 116, 117, 120, 121, 122, 125, 129, 131, 132, 135, 139, 145, 147, 148, 151, 152, 156, 157, 158, 159, 164, 165, 168, 170, 172, 175, 176, 177, 179, 181, 182, 185, 187, 190, 191, 192, 193, 195, 198, 202, 203, 206, 207, 209, 214, 217, 219, 223, 226, 227, 229, 234, 237, 238, 239, 240, 242, 243, 244, 245, 247, 249, 251, 252, 253, 254, 255, 256, 264, 265, 267, 270, 271, 273, 274, 276, 278, 280, 282, 288, 289, 291, 294, 299, 300, 308, 309, 311, 312, 315, 317, 318, 319, 320, 321, 322, 328, 329, 330, 331, 334, 335, 339, 340, 342, 343, 345, 348, 349, 358, 362, 363, 381, 383, 384, 387, 389, 390, 396, 397, 400, 401, 402, 404, 405, 406, 409, 412, 413, 417, 422, 423, 427, 428, 429, 430]
r7_l: [0, 1, 2, 3, 260, 263, 10, 12, 269, 272, 274, 275, 21, 277, 278, 23, 279, 24, 281, 283, 284, 285, 286, 31, 287, 33, 289, 34, 36, 295, 296, 41, 297, 301, 302, 304, 305, 306, 53, 310, 313, 59, 60, 316, 61, 65, 66, 67, 324, 69, 326, 71, 72, 74, 332, 333, 334, 341, 349, 94, 350, 352, 354, 355, 100, 357, 102, 104, 107, 109, 366, 367, 112, 368, 369, 370, 371, 372, 374, 376, 378, 380, 126, 127, 385, 386, 132, 389, 392, 137, 394, 395, 142, 144, 146, 403, 150, 407, 153, 154, 410, 415, 160, 419, 165, 421, 167, 169, 171, 428, 174, 432, 180, 182, 183, 184, 188, 201, 205, 211, 213, 216, 218, 220, 222, 223, 224, 225, 226, 228, 233, 234, 235, 236, 241, 250, 252]
r7_r: [256, 257, 5, 264, 267, 270, 15, 271, 16, 273, 25, 26, 27, 28, 29, 30, 32, 290, 35, 291, 38, 294, 39, 40, 42, 44, 300, 47, 50, 308, 309, 54, 55, 311, 56, 312, 57, 58, 314, 315, 317, 318, 319, 320, 321, 322, 327, 328, 73, 329, 330, 75, 331, 76, 77, 335, 80, 336, 82, 338, 83, 339, 84, 340, 85, 86, 342, 345, 92, 348, 93, 96, 97, 98, 99, 356, 101, 103, 359, 360, 362, 110, 111, 113, 114, 115, 116, 117, 121, 125, 381, 383, 384, 129, 130, 131, 387, 390, 135, 391, 396, 397, 400, 145, 401, 402, 147, 148, 404, 405, 406, 151, 409, 156, 412, 157, 413, 158, 159, 417, 418, 164, 422, 423, 168, 170, 427, 172, 173, 429, 430, 175, 176, 177, 179, 181, 185, 187, 191, 192, 193, 195, 196, 198, 202, 203, 204, 206, 207, 209, 212, 217, 219, 227, 237, 238, 239, 243, 244, 245, 247, 251, 253, 254, 255]
r8_l: [1, 2, 258, 259, 4, 260, 261, 6, 262, 7, 263, 8, 9, 10, 11, 12, 269, 14, 272, 17, 275, 21, 277, 22, 23, 279, 24, 281, 283, 284, 285, 286, 31, 287, 292, 293, 295, 296, 41, 302, 48, 305, 306, 307, 53, 313, 59, 65, 66, 67, 323, 324, 69, 325, 70, 72, 333, 78, 81, 337, 341, 87, 88, 344, 89, 90, 346, 347, 94, 351, 353, 100, 357, 105, 108, 364, 365, 366, 367, 112, 371, 372, 118, 119, 376, 123, 124, 380, 126, 127, 128, 385, 386, 388, 133, 134, 136, 392, 137, 393, 138, 395, 140, 141, 398, 143, 399, 146, 149, 150, 407, 153, 410, 411, 414, 415, 160, 416, 161, 162, 163, 419, 420, 421, 166, 424, 169, 425, 426, 171, 174, 431, 432, 178, 180, 183, 184, 186, 188, 189, 199, 200, 201, 205, 208, 210, 211, 213, 216, 218, 222, 224, 225, 228, 230, 231, 233, 235, 236, 241, 246, 248, 250]
r8_r: [0, 5, 15, 16, 18, 20, 25, 26, 27, 28, 29, 30, 32, 34, 35, 36, 37, 38, 39, 40, 42, 43, 44, 45, 46, 47, 49, 50, 54, 55, 56, 57, 58, 60, 62, 68, 73, 74, 75, 76, 77, 82, 83, 84, 85, 86, 91, 92, 93, 96, 97, 98, 99, 101, 103, 104, 109, 110, 111, 113, 114, 115, 116, 117, 120, 121, 122, 125, 129, 131, 132, 135, 139, 145, 147, 148, 151, 152, 156, 157, 158, 159, 164, 165, 168, 170, 172, 175, 176, 177, 179, 181, 182, 185, 187, 190, 191, 192, 193, 195, 198, 202, 203, 206, 207, 209, 214, 217, 219, 223, 226, 227, 229, 234, 237, 238, 239, 240, 242, 243, 244, 245, 247, 249, 251, 252, 253, 254, 255, 256, 264, 265, 267, 270, 271, 273, 274, 276, 278, 280, 282, 288, 289, 291, 294, 299, 300, 308, 309, 311, 312, 315, 317, 318, 319, 320, 321, 322, 327, 328, 329, 330, 331, 334, 335, 339, 340, 342, 343, 345, 348, 349, 356, 358, 362, 363, 381, 383, 384, 387, 389, 390, 396, 397, 400, 401, 402, 404, 405, 406, 409, 412, 413, 417, 422, 423, 427, 428, 429, 430]
