r1_l: [130, 3, 131, 5, 70, 134, 202, 11, 78, 15, 16, 81, 212, 22, 24, 158, 96, 224, 225, 226, 36, 102, 103, 168, 107, 112, 50, 54, 188, 62]
r1_r: [0, 1, 2, 4, 6, 7, 8, 9, 10, 12, 13, 14, 17, 18, 19, 20, 21, 23, 25, 26, 27, 28, 29, 30, 31, 32, 33, 34, 35, 37, 38, 39, 40, 41, 42, 43, 44, 45, 46, 47, 48, 49, 51, 52, 53, 55, 56, 57, 58, 59, 60, 61, 63, 64, 65, 66, 67, 68, 69, 71, 72, 73, 74, 75, 76, 77, 79, 80, 82, 83, 84, 85, 86, 87, 88, 89, 90, 91, 92, 93, 94, 95, 97, 98, 99, 100, 101, 104, 105, 106, 108, 109, 110, 111, 113, 114, 115, 116, 117, 118, 119, 120, 121, 122, 123, 124, 125, 126, 127, 128, 129, 132, 133, 135, 136, 137, 138, 139, 140, 141, 142, 143, 144, 145, 146, 147, 148, 149, 150, 151, 152, 153, 154, 155, 156, 157, 159, 160, 161, 162, 163, 164, 165, 166, 167, 169, 170, 171, 172, 173, 174, 175, 176, 177, 178, 179, 180, 181, 182, 183, 184, 185, 186, 187, 189, 190, 191, 192, 193, 194, 195, 196, 197, 198, 199, 200, 201, 203, 204, 205, 206, 207, 208, 209, 210, 211, 213, 214, 215, 216, 217, 218, 219, 220, 221, 222, 223, 227, 228, 229, 230, 231, 232]
r2_l: [130, 131, 5, 8, 9, 11, 15, 16, 145, 146, 147, 22, 150, 24, 154, 158, 162, 36, 165, 39, 170, 171, 175, 50, 53, 54, 56, 186, 59, 187, 62, 65, 66, 196, 70, 73, 202, 81, 212, 219, 92, 225, 226, 228, 102, 103, 107, 110, 114, 117, 121, 122]
r2_r: [64, 128, 1, 129, 132, 69, 134, 71, 201, 75, 12, 76, 13, 141, 205, 78, 79, 209, 87, 216, 25, 89, 157, 223, 32, 96, 160, 98, 164, 101, 229, 104, 106, 45, 112, 178, 179, 182, 183, 184, 123, 63, 191]
r3_l: [130, 131, 4, 5, 6, 135, 136, 9, 10, 11, 15, 16, 145, 146, 149, 22, 150, 24, 26, 154, 155, 28, 158, 34, 163, 36, 38, 166, 39, 168, 171, 173, 175, 48, 177, 50, 180, 53, 54, 186, 59, 188, 62, 191, 65, 66, 68, 197, 70, 74, 202, 77, 207, 81, 82, 83, 212, 219, 92, 94, 222, 224, 225, 226, 100, 228, 102, 103, 232, 107, 117, 120, 122]
r3_r: [64, 1, 3, 132, 134, 72, 201, 12, 76, 78, 79, 80, 17, 209, 21, 216, 25, 89, 30, 223, 32, 96, 160, 227, 229, 104, 45, 112, 178, 181, 118, 183, 123, 63, 191]
r4_l: [128, 129, 4, 69, 203, 13, 208, 210, 19, 20, 84, 149, 214, 87, 216, 25, 89, 29, 93, 30, 33, 98, 162, 35, 227, 164, 101, 229, 104, 232, 179, 182, 119, 183, 122]
r4_r: [130, 132, 8, 12, 15, 17, 145, 147, 21, 22, 150, 27, 156, 158, 32, 160, 34, 36, 38, 39, 40, 177, 50, 181, 54, 56, 186, 62, 190, 64, 68, 196, 72, 73, 201, 76, 78, 206, 80, 81, 209, 212, 223, 226, 228, 102, 230, 103, 110, 121, 123]
r5_l: [4, 6, 7, 9, 10, 13, 14, 19, 20, 21, 23, 25, 26, 27, 28, 29, 30, 32, 33, 35, 39, 42, 48, 59, 60, 64, 65, 66, 69, 70, 71, 72, 73, 74, 75, 76, 77, 80, 82, 83, 84, 87, 89, 90, 92, 93, 94, 98, 101, 104, 114, 119, 120, 121, 122, 123, 128, 129, 135, 136, 141, 149, 153, 156, 160, 162, 163, 164, 165, 166, 170, 173, 179, 180, 181, 182, 183, 184, 187, 190, 197, 198, 199, 201, 203, 205, 207, 208, 210, 214, 215, 216, 222, 223, 227, 229, 230, 232]
r5_r: [0, 1, 2, 3, 5, 8, 11, 12, 15, 16, 17, 18, 21, 22, 24, 27, 31, 32, 34, 36, 37, 38, 39, 40, 41, 43, 44, 45, 46, 47, 49, 50, 51, 52, 53, 54, 55, 56, 57, 58, 61, 62, 63, 64, 67, 68, 71, 72, 73, 76, 78, 79, 80, 81, 85, 86, 88, 91, 95, 96, 97, 99, 100, 102, 103, 105, 106, 107, 108, 109, 110, 111, 112, 113, 115, 116, 117, 118, 121, 123, 124, 125, 126, 127, 130, 131, 132, 133, 134, 137, 138, 139, 140, 142, 143, 144, 145, 146, 147, 148, 150, 151, 152, 154, 155, 156, 157, 158, 159, 160, 161, 167, 168, 169, 171, 172, 174, 175, 176, 177, 178, 181, 185, 186, 188, 189, 190, 191, 192, 193, 194, 195, 196, 199, 200, 201, 202, 204, 206, 209, 211, 212, 213, 217, 218, 219, 220, 221, 223, 224, 225, 226, 228, 230, 231]
r6_l: [194, 67, 133, 137, 211, 213, 88, 220, 95, 159, 37, 167, 41, 169, 43, 44, 172, 109, 174, 111, 49, 115, 52, 116, 55, 57, 58, 124, 125, 189]
r6_r: [0, 128, 129, 2, 132, 7, 8, 138, 13, 141, 142, 143, 144, 18, 19, 20, 148, 23, 151, 152, 27, 156, 29, 157, 30, 31, 33, 161, 35, 164, 40, 46, 47, 179, 182, 184, 185, 60, 190, 192, 193, 195, 196, 69, 71, 199, 72, 200, 73, 75, 203, 204, 205, 206, 208, 209, 84, 85, 86, 214, 87, 216, 217, 218, 91, 93, 97, 98, 101, 230, 231, 105, 106, 108, 113, 114, 119, 122, 126, 127]
r7_l: [0, 2, 133, 137, 138, 139, 140, 142, 144, 151, 152, 157, 31, 159, 161, 37, 167, 41, 169, 43, 44, 172, 174, 176, 49, 51, 52, 55, 57, 185, 58, 61, 189, 193, 194, 67, 200, 204, 211, 85, 213, 86, 88, 218, 91, 220, 221, 95, 97, 99, 231, 105, 109, 111, 115, 116, 124, 125, 126, 127]
r7_r: [1, 3, 4, 5, 6, 7, 8, 9, 10, 11, 12, 13, 14, 15, 16, 17, 18, 19, 20, 21, 22, 23, 24, 25, 26, 27, 28, 29, 30, 32, 33, 34, 35, 36, 38, 39, 40, 42, 45, 46, 47, 48, 50, 53, 54, 56, 59, 60, 62, 63, 64, 65, 66, 68, 69, 70, 71, 72, 73, 74, 75, 76, 77, 78, 79, 80, 81, 82, 83, 84, 87, 89, 90, 92, 93, 94, 96, 98, 100, 101, 102, 103, 104, 106, 107, 108, 110, 112, 113, 114, 117, 118, 119, 120, 121, 122, 123, 128, 129, 130, 131, 132, 134, 135, 136, 141, 143, 145, 146, 147, 148, 149, 150, 153, 154, 155, 156, 158, 160, 161, 162, 163, 164, 165, 166, 168, 170, 171, 173, 175, 177, 178, 179, 180, 181, 182, 183, 184, 186, 187, 188, 190, 191, 192, 195, 196, 197, 198, 199, 201, 202, 203, 205, 206, 207, 208, 209, 210, 212, 214, 215, 216, 217, 219, 222, 223, 224, 225, 226, 227, 228, 229, 230, 232]
