r1_l: [128, 4, 136, 73, 265, 202, 12, 76, 142, 15, 17, 85, 213, 277, 150, 279, 88, 89, 99, 227, 228, 104, 42, 50, 180, 119, 183, 57, 58, 127]
r1_r: [0, 256, 1, 2, 258, 3, 260, 5, 6, 262, 7, 263, 8, 266, 11, 267, 268, 13, 269, 14, 271, 16, 272, 273, 18, 275, 20, 278, 23, 27, 28, 29, 30, 31, 32, 33, 34, 35, 36, 37, 38, 39, 40, 41, 44, 46, 51, 52, 54, 55, 56, 59, 61, 62, 64, 65, 66, 67, 69, 71, 72, 74, 75, 77, 78, 79, 80, 82, 83, 86, 87, 90, 91, 92, 94, 95, 96, 97, 98, 100, 101, 102, 103, 105, 106, 108, 109, 110, 111, 112, 113, 114, 115, 116, 117, 118, 120, 121, 122, 123, 131, 132, 134, 135, 137, 139, 141, 143, 144, 145, 146, 147, 149, 151, 152, 153, 154, 156, 157, 161, 162, 163, 165, 168, 169, 171, 172, 173, 174, 175, 178, 179, 181, 182, 184, 185, 186, 187, 188, 189, 191, 192, 193, 194, 195, 196, 197, 198, 199, 200, 203, 204, 205, 206, 207, 208, 211, 212, 214, 215, 216, 217, 218, 221, 223, 225, 226, 229, 230, 232, 233, 236, 237, 238, 240, 244, 246, 247, 249, 250, 251, 254, 255]
r2_l: [128, 257, 130, 259, 4, 133, 261, 264, 9, 138, 140, 142, 274, 19, 276, 21, 150, 25, 160, 164, 166, 167, 42, 170, 43, 45, 176, 49, 50, 180, 190, 201, 76, 209, 210, 84, 213, 220, 222, 99, 227, 104, 234, 107, 239, 241, 242, 248, 252, 253, 127]
r2_r: [0, 256, 1, 2, 258, 3, 260, 5, 6, 262, 7, 263, 8, 266, 11, 267, 268, 13, 269, 14, 271, 16, 272, 273, 18, 275, 20, 278, 23, 27, 28, 29, 30, 31, 32, 33, 34, 35, 36, 37, 38, 39, 40, 41, 44, 46, 51, 52, 54, 55, 56, 59, 61, 62, 64, 65, 66, 67, 69, 71, 72, 74, 75, 77, 78, 79, 80, 82, 83, 86, 87, 90, 91, 92, 94, 95, 96, 97, 98, 100, 101, 102, 103, 105, 106, 108, 109, 110, 111, 112, 113, 114, 115, 116, 117, 118, 120, 121, 122, 123, 131, 132, 134, 135, 137, 139, 141, 143, 144, 145, 146, 147, 149, 151, 152, 153, 154, 156, 157, 161, 162, 163, 165, 168, 169, 171, 172, 173, 174, 175, 178, 179, 181, 182, 184, 185, 186, 187, 188, 189, 191, 192, 193, 194, 195, 196, 197, 198, 199, 200, 203, 204, 205, 206, 207, 208, 211, 212, 214, 215, 216, 217, 218, 221, 223, 225, 226, 229, 230, 232, 233, 236, 237, 238, 240, 244, 246, 247, 249, 250, 251, 254, 255]
r3_l: [258, 134, 7, 263, 8, 136, 266, 12, 142, 143, 272, 17, 275, 149, 277, 150, 23, 32, 161, 34, 40, 41, 42, 174, 50, 178, 180, 189, 67, 199, 202, 77, 80, 83, 211, 85, 213, 215, 88, 89, 218, 96, 230, 103, 104, 108, 116, 119, 120]
r3_r: [0, 256, 1, 257, 259, 260, 5, 261, 6, 262, 9, 10, 267, 268, 13, 269, 14, 271, 16, 273, 18, 19, 20, 276, 21, 278, 280, 25, 26, 27, 28, 29, 33, 38, 39, 43, 44, 45, 46, 47, 49, 51, 56, 60, 61, 62, 64, 66, 69, 71, 72, 75, 79, 81, 82, 84, 86, 87, 90, 92, 93, 95, 97, 98, 101, 102, 105, 107, 110, 111, 112, 113, 114, 115, 121, 122, 123, 124, 125, 126, 129, 130, 131, 132, 133, 135, 137, 138, 139, 140, 141, 146, 147, 148, 151, 152, 153, 154, 156, 157, 158, 160, 162, 163, 164, 166, 167, 168, 169, 170, 171, 173, 175, 176, 179, 181, 184, 186, 188, 190, 191, 192, 193, 194, 195, 196, 197, 198, 200, 201, 204, 205, 208, 212, 220, 221, 222, 223, 226, 229, 231, 232, 233, 234, 236, 238, 239, 240, 241, 242, 244, 246, 248, 249, 250, 251, 252, 253, 254]
r4_l: [128, 2, 258, 3, 4, 134, 7, 263, 8, 136, 266, 12, 142, 15, 143, 144, 272, 17, 145, 275, 149, 277, 150, 23, 279, 30, 32, 161, 34, 35, 36, 37, 165, 40, 41, 42, 172, 174, 50, 178, 52, 180, 54, 55, 183, 57, 58, 59, 189, 65, 67, 199, 74, 202, 76, 77, 78, 206, 80, 83, 211, 85, 213, 214, 215, 88, 216, 89, 217, 218, 91, 94, 96, 225, 99, 100, 228, 230, 103, 104, 106, 108, 109, 237, 116, 117, 118, 119, 247, 120, 127]
r4_r: [0, 256, 1, 257, 259, 260, 5, 261, 6, 262, 9, 10, 267, 268, 13, 269, 14, 270, 271, 16, 273, 18, 19, 20, 276, 21, 22, 278, 280, 25, 281, 26, 27, 28, 29, 33, 38, 39, 43, 44, 45, 46, 47, 49, 51, 56, 60, 61, 62, 63, 64, 66, 68, 69, 70, 71, 72, 75, 79, 81, 82, 84, 86, 87, 90, 92, 93, 95, 97, 98, 101, 102, 105, 107, 110, 111, 112, 113, 114, 115, 121, 122, 123, 124, 125, 126, 129, 130, 131, 132, 133, 135, 137, 138, 139, 140, 141, 146, 147, 148, 151, 152, 153, 154, 155, 156, 157, 158, 159, 160, 162, 163, 164, 166, 167, 168, 169, 170, 171, 173, 175, 176, 177, 179, 181, 184, 186, 188, 190, 191, 192, 193, 194, 195, 196, 197, 198, 200, 201, 204, 205, 208, 212, 219, 220, 221, 222, 223, 226, 229, 231, 232, 233, 234, 235, 236, 238, 239, 240, 241, 242, 243, 244, 245, 246, 248, 249, 250, 251, 252, 253, 254]
r5_l: [68, 196, 69, 70, 198, 71, 73, 270, 207, 16, 146, 22, 24, 281, 155, 219, 159, 228, 233, 235, 46, 48, 177, 243, 53, 117, 181, 245, 250, 60, 124, 62, 126]
r5_r: [258, 134, 7, 263, 8, 136, 266, 12, 142, 143, 144, 272, 17, 275, 149, 277, 150, 23, 279, 32, 161, 34, 36, 40, 41, 42, 174, 50, 178, 180, 54, 189, 67, 199, 202, 203, 76, 77, 78, 80, 83, 211, 85, 213, 215, 88, 89, 218, 91, 96, 230, 103, 104, 108, 116, 119, 120]
r6_l: [256, 1, 129, 2, 130, 259, 262, 135, 9, 267, 268, 141, 269, 15, 273, 19, 147, 20, 21, 152, 280, 153, 26, 27, 30, 158, 160, 162, 35, 37, 38, 168, 43, 172, 175, 176, 55, 56, 184, 57, 58, 59, 188, 66, 197, 201, 75, 204, 79, 81, 212, 214, 217, 90, 93, 94, 95, 223, 97, 225, 101, 102, 231, 232, 105, 234, 107, 236, 109, 110, 238, 242, 115, 118, 247, 121, 123]
r6_r: [128, 192, 65, 193, 3, 133, 200, 264, 137, 10, 74, 138, 140, 18, 210, 86, 278, 87, 28, 156, 222, 33, 98, 226, 99, 171, 111, 112, 241, 51, 248, 61, 127]
r7_l: [3, 132, 260, 5, 6, 137, 139, 271, 16, 144, 18, 146, 22, 278, 155, 28, 156, 157, 33, 163, 36, 165, 40, 171, 46, 48, 51, 179, 52, 53, 181, 54, 61, 62, 63, 64, 192, 65, 193, 194, 68, 196, 69, 70, 198, 71, 72, 200, 74, 203, 78, 206, 207, 86, 87, 91, 219, 98, 226, 229, 233, 235, 111, 112, 113, 117, 245, 122, 250, 254]
r7_r: [128, 129, 257, 130, 259, 133, 9, 10, 138, 12, 140, 270, 15, 17, 19, 148, 21, 277, 279, 24, 280, 281, 26, 158, 159, 160, 164, 166, 167, 42, 170, 43, 47, 176, 180, 57, 58, 73, 201, 76, 81, 85, 88, 89, 93, 222, 99, 228, 231, 104, 234, 107, 239, 241, 242, 119, 248, 124, 253, 126, 127]
