r1_l: [128, 67, 4, 261, 70, 134, 200, 13, 141, 16, 80, 18, 274, 211, 84, 148, 276, 85, 25, 95, 225, 100, 40, 41, 49, 179, 117, 182, 55, 127]
r1_r: [0, 256, 1, 2, 258, 3, 259, 6, 262, 7, 263, 8, 264, 9, 265, 267, 12, 268, 14, 270, 15, 272, 17, 19, 275, 21, 22, 23, 24, 28, 29, 30, 31, 32, 33, 34, 35, 36, 37, 38, 39, 43, 45, 47, 50, 51, 52, 53, 54, 56, 58, 59, 60, 61, 62, 63, 64, 65, 66, 68, 69, 71, 72, 73, 75, 76, 77, 79, 81, 82, 83, 86, 87, 88, 90, 91, 92, 94, 96, 97, 98, 99, 101, 102, 103, 105, 106, 107, 108, 109, 110, 111, 112, 113, 114, 115, 116, 118, 119, 120, 121, 122, 124, 130, 132, 133, 135, 137, 140, 142, 143, 144, 145, 146, 149, 150, 151, 152, 153, 154, 156, 158, 160, 161, 162, 164, 166, 167, 168, 170, 171, 172, 173, 174, 177, 178, 180, 181, 183, 184, 185, 186, 187, 189, 190, 191, 192, 193, 194, 195, 196, 197, 201, 202, 203, 204, 205, 206, 209, 210, 212, 213, 214, 215, 216, 217, 218, 220, 221, 223, 224, 226, 227, 229, 230, 232, 233, 234, 235, 237, 240, 241, 242, 243, 245, 246, 249, 250, 251, 253, 254]
r2_l: [128, 129, 257, 131, 4, 260, 5, 134, 136, 10, 138, 11, 139, 13, 141, 269, 271, 16, 273, 18, 274, 20, 148, 276, 26, 27, 155, 159, 163, 165, 41, 169, 42, 44, 46, 175, 48, 49, 179, 182, 55, 188, 70, 198, 199, 200, 78, 207, 80, 208, 211, 84, 85, 219, 222, 95, 225, 100, 228, 231, 104, 236, 238, 244, 117, 247, 248, 123, 252, 125, 126, 127, 255]
r2_r: [0, 256, 1, 2, 258, 3, 259, 6, 262, 7, 263, 264, 9, 265, 267, 12, 268, 14, 270, 15, 272, 17, 19, 275, 21, 22, 24, 28, 29, 30, 31, 32, 33, 34, 35, 36, 37, 38, 39, 43, 45, 50, 51, 53, 54, 56, 58, 59, 60, 61, 63, 65, 66, 68, 69, 71, 72, 73, 75, 76, 77, 79, 81, 82, 83, 86, 87, 88, 90, 91, 92, 94, 96, 97, 98, 99, 101, 102, 103, 105, 106, 107, 108, 109, 110, 111, 112, 113, 114, 115, 116, 118, 119, 120, 121, 122, 124, 130, 132, 133, 135, 137, 140, 142, 143, 144, 145, 146, 149, 150, 151, 152, 154, 156, 158, 160, 161, 162, 164, 166, 167, 168, 170, 171, 172, 173, 174, 177, 178, 180, 181, 183, 184, 185, 186, 187, 189, 190, 191, 192, 193, 194, 195, 196, 197, 201, 202, 203, 204, 205, 206, 209, 210, 212, 213, 214, 215, 216, 217, 220, 221, 223, 224, 226, 227, 229, 230, 233, 234, 235, 237, 240, 242, 243, 245, 246, 249, 250, 251, 253, 254]
r3_l: [259, 132, 197, 262, 9, 73, 268, 13, 77, 141, 142, 79, 80, 272, 209, 18, 274, 84, 148, 85, 149, 213, 24, 217, 31, 160, 33, 99, 227, 39, 41, 106, 173, 177, 114, 179, 117, 118, 187, 124, 61, 254]
r3_r: [0, 256, 1, 130, 131, 5, 6, 7, 135, 136, 137, 265, 10, 11, 139, 267, 14, 15, 17, 145, 19, 275, 22, 152, 154, 28, 32, 162, 163, 37, 165, 168, 169, 170, 172, 45, 46, 50, 178, 183, 58, 59, 189, 190, 63, 191, 192, 65, 193, 66, 194, 195, 196, 72, 75, 76, 206, 81, 82, 83, 86, 88, 216, 91, 221, 94, 224, 98, 226, 230, 105, 108, 236, 237, 110, 238, 111, 112, 240, 242, 244, 245, 246, 120, 248, 121, 123, 251, 252, 126]
r4_l: [128, 2, 3, 259, 4, 132, 134, 262, 9, 268, 13, 141, 142, 143, 16, 144, 272, 18, 274, 148, 276, 149, 24, 29, 31, 160, 33, 34, 35, 164, 38, 39, 40, 41, 171, 173, 49, 177, 51, 179, 53, 182, 55, 56, 187, 61, 68, 197, 70, 71, 200, 73, 202, 204, 77, 79, 80, 209, 211, 84, 212, 85, 213, 214, 87, 215, 217, 90, 220, 95, 223, 96, 99, 227, 100, 102, 106, 234, 109, 114, 115, 243, 116, 117, 118, 124, 254, 127]
r4_r: [0, 256, 1, 257, 258, 5, 6, 7, 263, 264, 265, 10, 11, 267, 14, 270, 15, 17, 273, 19, 275, 20, 21, 22, 26, 27, 28, 32, 36, 37, 42, 44, 45, 46, 48, 50, 54, 57, 58, 59, 60, 63, 65, 66, 69, 72, 75, 76, 78, 81, 82, 83, 86, 88, 91, 94, 97, 98, 101, 103, 104, 105, 107, 108, 110, 111, 112, 113, 119, 120, 121, 122, 123, 126, 129, 130, 131, 133, 135, 136, 137, 138, 139, 145, 146, 151, 152, 154, 156, 159, 161, 162, 163, 165, 166, 168, 169, 170, 172, 174, 175, 178, 180, 183, 186, 188, 189, 190, 191, 192, 193, 194, 195, 196, 198, 199, 203, 206, 210, 216, 219, 221, 224, 226, 229, 230, 231, 233, 235, 236, 237, 238, 240, 242, 244, 245, 246, 247, 248, 250, 251, 252, 253, 255]
r5_l: [64, 65, 194, 67, 196, 5, 8, 201, 266, 205, 17, 145, 276, 277, 23, 216, 25, 153, 218, 157, 230, 232, 45, 47, 239, 176, 241, 115, 52, 245, 57, 59, 123, 251, 62, 126, 63]
r5_r: [133, 261, 134, 200, 9, 74, 12, 140, 269, 80, 18, 146, 274, 147, 149, 150, 89, 217, 27, 155, 92, 29, 93, 30, 158, 33, 34, 228, 102, 167, 40, 234, 43, 117, 181, 184, 185, 249, 122, 125]
r6_l: [257, 133, 261, 134, 263, 9, 12, 140, 13, 269, 270, 16, 18, 146, 274, 147, 21, 149, 150, 27, 155, 29, 158, 31, 160, 33, 161, 34, 36, 166, 39, 167, 40, 43, 44, 174, 175, 48, 49, 53, 181, 54, 55, 56, 184, 185, 60, 69, 197, 200, 73, 74, 203, 80, 215, 89, 217, 92, 93, 222, 223, 97, 225, 227, 228, 101, 229, 102, 103, 106, 234, 235, 109, 113, 117, 119, 249, 122, 125, 253, 254, 255]
r6_r: [64, 65, 194, 67, 196, 5, 8, 201, 266, 205, 17, 145, 276, 277, 23, 216, 25, 153, 218, 157, 230, 232, 45, 47, 239, 176, 241, 115, 52, 245, 57, 59, 123, 251, 62, 126, 63]
r7_l: [128, 256, 130, 131, 6, 7, 135, 136, 137, 139, 267, 143, 19, 22, 154, 28, 32, 162, 164, 38, 41, 170, 50, 178, 51, 58, 190, 191, 192, 66, 68, 70, 71, 202, 204, 81, 83, 87, 220, 94, 95, 224, 226, 100, 108, 110, 111, 244, 120, 121]
r7_r: [133, 134, 200, 9, 74, 12, 140, 269, 80, 18, 146, 274, 149, 150, 89, 217, 27, 155, 92, 29, 93, 158, 33, 34, 228, 102, 167, 40, 234, 43, 117, 181, 184, 249, 122, 125]
