r1_l: [3, 131, 69, 133, 6, 7, 139, 76, 79, 81, 19, 20, 155, 92, 156, 94, 96, 34, 98, 103, 109, 46, 114, 118, 120, 58, 59, 124, 61, 125]
r1_r: [0, 1, 2, 4, 5, 8, 9, 10, 11, 12, 13, 15, 17, 18, 21, 22, 23, 24, 26, 27, 28, 29, 30, 31, 32, 33, 35, 36, 37, 38, 40, 42, 43, 44, 45, 47, 48, 49, 50, 51, 52, 55, 56, 57, 60, 62, 63, 65, 66, 67, 68, 70, 71, 72, 73, 75, 77, 78, 80, 82, 84, 85, 87, 88, 89, 90, 91, 93, 95, 97, 99, 100, 101, 102, 104, 105, 106, 107, 108, 111, 116, 117, 119, 121, 123, 126, 127, 128, 129, 130, 132, 134, 135, 136, 137, 138, 140, 141, 142, 144, 145, 147, 148, 149, 150, 151, 152, 153, 154, 157, 158, 159, 160, 161, 162, 164, 165, 166, 167, 168]
r2_l: [0, 1, 66, 3, 131, 68, 5, 69, 133, 70, 72, 73, 137, 138, 76, 13, 142, 79, 81, 146, 83, 148, 25, 154, 32, 33, 161, 98, 165, 39, 103, 41, 46, 110, 53, 117, 54, 120, 57, 58, 59, 123, 60, 124, 125]
r2_r: [130, 4, 135, 8, 136, 9, 11, 14, 145, 147, 149, 22, 150, 24, 152, 153, 26, 28, 156, 29, 158, 31, 159, 160, 35, 37, 166, 168, 48, 50, 55, 62, 63, 64, 65, 74, 75, 77, 84, 86, 87, 88, 91, 94, 97, 99, 100, 101, 102, 105, 107, 108, 113, 115, 116, 119, 121, 122, 126, 127]
r3_l: [4, 71, 9, 77, 141, 80, 144, 18, 147, 84, 85, 149, 22, 151, 24, 153, 26, 91, 157, 158, 95, 159, 160, 35, 101, 40, 168, 49, 50, 51, 116, 55, 119, 122, 62, 126, 127]
r3_r: [1, 129, 2, 3, 131, 5, 133, 137, 10, 139, 140, 13, 142, 15, 143, 20, 148, 30, 32, 161, 34, 39, 167, 42, 43, 44, 45, 46, 47, 54, 57, 58, 59, 60, 61, 68, 69, 70, 72, 75, 76, 81, 83, 89, 96, 104, 106, 111, 112, 113, 114, 118, 125]
r4_l: [0, 128, 130, 4, 132, 6, 8, 136, 9, 11, 12, 141, 144, 17, 18, 146, 19, 147, 21, 149, 22, 151, 24, 152, 153, 26, 154, 155, 29, 157, 158, 159, 160, 33, 162, 35, 163, 38, 40, 168, 41, 49, 50, 51, 52, 53, 55, 62, 63, 64, 67, 71, 73, 77, 80, 84, 85, 86, 87, 88, 90, 91, 93, 95, 97, 99, 101, 102, 105, 108, 109, 110, 115, 116, 117, 119, 121, 122, 126, 127]
r4_r: [1, 129, 2, 3, 131, 5, 133, 134, 135, 137, 10, 139, 140, 13, 142, 15, 143, 20, 148, 27, 156, 30, 32, 161, 34, 39, 167, 42, 43, 44, 45, 46, 47, 54, 57, 58, 59, 60, 61, 68, 69, 70, 72, 75, 76, 81, 83, 89, 94, 96, 98, 100, 104, 106, 111, 112, 113, 114, 118, 120, 123, 125]
r5_l: [1, 129, 2, 3, 131, 5, 133, 134, 135, 137, 10, 139, 140, 13, 14, 142, 15, 143, 16, 20, 148, 23, 25, 27, 156, 30, 32, 161, 34, 36, 39, 167, 42, 43, 44, 45, 46, 47, 54, 56, 57, 58, 59, 60, 61, 65, 68, 69, 70, 72, 75, 76, 79, 81, 83, 89, 94, 96, 98, 100, 104, 106, 111, 112, 113, 114, 118, 120, 123, 125]
r5_r: [4, 6, 136, 9, 11, 141, 144, 18, 146, 147, 149, 22, 151, 24, 153, 26, 157, 158, 159, 160, 162, 35, 38, 40, 168, 49, 50, 51, 53, 55, 62, 63, 71, 77, 80, 84, 85, 87, 91, 95, 101, 102, 110, 115, 116, 119, 121, 122, 126, 127]
