r1_l: [66, 130, 133, 71, 72, 10, 74, 12, 142, 15, 79, 81, 91, 155, 94, 96, 101, 42, 106, 108, 109, 112, 114, 54, 119, 56, 120, 121, 122, 123, 60]
r1_r: [128, 3, 4, 6, 7, 8, 140, 13, 14, 143, 18, 146, 20, 148, 149, 23, 152, 153, 28, 158, 32, 33, 162, 35, 37, 166, 40, 44, 45, 46, 48, 51, 59, 65, 75, 78, 80, 82, 87, 88, 89, 90, 92, 97, 100, 102, 103, 105, 113, 115, 116, 117, 124, 126]
r2_l: [0, 64, 1, 66, 130, 67, 131, 68, 69, 133, 136, 9, 137, 74, 77, 141, 79, 16, 81, 19, 83, 147, 22, 154, 30, 96, 98, 162, 36, 164, 101, 42, 111, 50, 114, 52, 54, 118, 55, 120, 57, 122, 123, 62]
r2_r: [4, 134, 7, 10, 140, 13, 15, 144, 18, 146, 20, 148, 149, 23, 151, 152, 25, 153, 26, 28, 156, 158, 159, 32, 33, 163, 165, 44, 46, 48, 51, 58, 60, 61, 63, 70, 72, 75, 80, 84, 87, 89, 90, 92, 95, 97, 99, 100, 103, 105, 106, 115, 116, 117, 124]
r3_l: [128, 130, 3, 133, 134, 7, 135, 136, 9, 137, 10, 138, 139, 12, 142, 15, 16, 17, 145, 151, 24, 155, 28, 156, 31, 159, 34, 163, 164, 38, 167, 40, 42, 43, 50, 51, 53, 54, 55, 56, 57, 60, 62, 63, 64, 65, 66, 71, 72, 73, 74, 77, 79, 81, 85, 94, 96, 101, 106, 108, 109, 110, 112, 114, 116, 117, 119, 120, 121, 122, 123]
r3_r: [0, 1, 129, 2, 131, 4, 132, 5, 6, 8, 11, 140, 13, 141, 14, 143, 144, 18, 146, 19, 147, 20, 148, 21, 149, 150, 23, 152, 25, 153, 26, 154, 27, 29, 157, 30, 158, 32, 160, 33, 161, 35, 165, 166, 39, 41, 44, 45, 46, 47, 48, 52, 58, 59, 61, 67, 68, 69, 70, 75, 76, 78, 80, 84, 87, 88, 89, 90, 92, 93, 95, 97, 98, 99, 100, 102, 103, 104, 105, 107, 111, 113, 115, 118, 124, 125, 126, 127]
r4_l: [128, 65, 4, 8, 75, 140, 13, 14, 143, 80, 18, 146, 20, 148, 149, 23, 88, 152, 153, 90, 28, 158, 32, 33, 35, 37, 102, 103, 40, 105, 44, 45, 46, 47, 48, 113, 51, 116, 117, 124, 126]
r4_r: [1, 130, 131, 133, 136, 9, 138, 11, 139, 12, 141, 142, 16, 17, 19, 147, 21, 150, 24, 27, 155, 34, 36, 164, 42, 50, 52, 53, 54, 55, 56, 64, 66, 68, 74, 76, 79, 81, 85, 93, 96, 98, 101, 104, 107, 108, 111, 112, 119, 120, 122, 125]
r5_l: [1, 129, 2, 4, 132, 5, 6, 8, 11, 140, 13, 14, 143, 144, 18, 146, 19, 147, 20, 148, 21, 22, 23, 152, 25, 153, 26, 154, 27, 29, 157, 30, 158, 32, 160, 33, 161, 35, 36, 166, 41, 44, 45, 46, 47, 48, 49, 52, 58, 59, 61, 67, 68, 69, 70, 75, 78, 80, 84, 87, 88, 90, 92, 93, 95, 97, 98, 99, 100, 102, 104, 105, 107, 113, 115, 124, 125, 126, 127]
r5_r: [128, 65, 66, 133, 134, 135, 74, 138, 12, 77, 15, 79, 16, 81, 156, 94, 31, 101, 38, 40, 106, 112, 116, 53, 119, 56, 120, 121, 122, 123]
