r1_l: [192, 66, 196, 197, 137, 10, 202, 140, 77, 15, 146, 210, 148, 215, 153, 217, 154, 220, 222, 98, 37, 165, 48, 49, 182, 55, 120, 122, 127, 191]
r1_r: [0, 1, 3, 4, 5, 8, 11, 12, 13, 14, 16, 17, 18, 19, 20, 21, 26, 27, 30, 31, 32, 33, 34, 36, 40, 41, 42, 43, 45, 46, 51, 54, 57, 59, 60, 61, 62, 63, 65, 67, 68, 72, 73, 75, 76, 80, 81, 82, 84, 85, 87, 89, 91, 92, 95, 96, 97, 101, 103, 106, 107, 109, 110, 111, 112, 113, 114, 115, 116, 118, 119, 124, 130, 132, 135, 136, 138, 139, 145, 152, 155, 158, 159, 163, 164, 167, 170, 172, 173, 174, 175, 176, 178, 179, 180, 181, 186, 189, 190, 193, 195, 198, 199, 205, 207, 208, 209, 213, 214, 218, 221]
r2_l: [129, 131, 133, 134, 7, 137, 10, 140, 15, 143, 146, 148, 149, 153, 154, 156, 160, 37, 165, 168, 44, 47, 48, 49, 50, 52, 182, 55, 183, 56, 185, 191, 192, 66, 194, 196, 69, 197, 71, 201, 202, 77, 78, 79, 210, 83, 215, 88, 217, 220, 93, 94, 222, 98, 105, 117, 120, 122, 123, 127]
r2_r: [0, 1, 2, 3, 4, 5, 6, 8, 11, 12, 14, 16, 17, 18, 19, 20, 21, 23, 24, 25, 26, 27, 30, 31, 32, 33, 34, 36, 38, 39, 40, 41, 42, 43, 45, 46, 51, 53, 54, 57, 59, 60, 61, 62, 63, 65, 67, 68, 70, 72, 73, 74, 75, 76, 80, 81, 82, 84, 85, 86, 89, 90, 92, 95, 96, 97, 99, 101, 103, 106, 108, 109, 110, 111, 112, 113, 114, 115, 116, 118, 119, 124, 130, 132, 135, 136, 138, 139, 141, 142, 144, 145, 150, 152, 155, 158, 159, 161, 163, 164, 167, 170, 172, 173, 174, 175, 176, 178, 179, 180, 181, 184, 186, 188, 189, 193, 195, 198, 199, 200, 203, 205, 207, 208, 212, 213, 214, 216, 218, 219, 221]
r3_l: [129, 131, 133, 7, 137, 10, 140, 13, 15, 17, 146, 148, 22, 153, 154, 29, 157, 30, 31, 160, 162, 35, 36, 37, 165, 40, 44, 47, 175, 48, 177, 52, 181, 54, 182, 55, 56, 185, 187, 190, 191, 192, 65, 66, 194, 196, 69, 197, 201, 202, 204, 77, 205, 206, 81, 209, 210, 211, 86, 215, 217, 91, 220, 93, 222, 98, 100, 102, 107, 116, 120, 127]
r3_r: [0, 1, 2, 3, 4, 5, 8, 9, 11, 14, 16, 18, 19, 20, 23, 24, 25, 26, 27, 33, 34, 38, 39, 41, 42, 43, 45, 46, 49, 50, 51, 57, 59, 60, 61, 62, 63, 67, 68, 70, 71, 72, 73, 74, 75, 76, 78, 79, 80, 82, 83, 84, 85, 88, 89, 90, 92, 94, 95, 96, 97, 99, 101, 103, 105, 106, 108, 109, 110, 111, 112, 113, 114, 115, 117, 118, 119, 121, 122, 123, 124, 125, 126, 130, 132, 136, 138, 139, 142, 143, 144, 145, 149, 150, 151, 152, 155, 156, 158, 159, 161, 163, 164, 167, 168, 170, 171, 172, 173, 174, 176, 178, 179, 180, 183, 184, 186, 188, 189, 193, 195, 198, 199, 203, 207, 208, 212, 213, 214, 218, 219, 221]
r4_l: [128, 131, 6, 134, 7, 135, 9, 12, 140, 141, 15, 18, 146, 147, 20, 148, 21, 149, 22, 153, 155, 28, 157, 30, 159, 32, 160, 162, 35, 164, 37, 165, 166, 40, 168, 171, 175, 48, 177, 179, 52, 180, 53, 181, 54, 56, 185, 58, 187, 190, 66, 194, 195, 69, 197, 71, 201, 202, 76, 204, 205, 206, 208, 81, 209, 210, 83, 211, 87, 217, 91, 93, 221, 222, 95, 98, 100, 102, 104, 107, 116, 117, 120, 123, 124, 125, 127]
r4_r: [0, 2, 3, 4, 5, 8, 10, 11, 14, 16, 17, 19, 23, 24, 26, 27, 31, 33, 34, 36, 39, 41, 42, 43, 44, 45, 46, 47, 49, 50, 51, 55, 57, 59, 60, 61, 63, 65, 67, 68, 72, 73, 74, 75, 77, 78, 79, 80, 82, 85, 88, 89, 92, 94, 96, 97, 99, 103, 105, 106, 108, 109, 110, 111, 112, 113, 114, 115, 118, 119, 121, 122, 126, 129, 130, 132, 133, 136, 137, 138, 143, 145, 150, 151, 154, 156, 158, 161, 163, 169, 170, 172, 173, 174, 176, 182, 183, 184, 186, 189, 191, 192, 193, 196, 198, 199, 207, 212, 213, 214, 215, 218, 219, 220]
r5_l: [193, 2, 130, 68, 72, 9, 74, 142, 16, 80, 208, 18, 19, 212, 23, 151, 24, 89, 26, 218, 158, 159, 164, 41, 169, 108, 45, 173, 174, 57, 121, 60, 188, 125, 189, 126]
r5_r: [192, 65, 129, 196, 133, 137, 201, 10, 202, 140, 77, 205, 15, 17, 81, 215, 153, 154, 220, 93, 222, 31, 160, 36, 37, 165, 44, 47, 175, 48, 116, 182, 55, 56, 185, 127, 191]
r6_l: [2, 130, 3, 4, 132, 5, 8, 11, 139, 142, 16, 145, 19, 23, 151, 24, 152, 26, 158, 34, 163, 41, 169, 45, 173, 174, 178, 184, 186, 60, 188, 61, 189, 62, 67, 68, 70, 72, 74, 75, 207, 80, 212, 213, 89, 90, 218, 94, 99, 103, 106, 108, 111, 112, 113, 114, 118, 121, 126]
r6_r: [192, 65, 129, 196, 133, 137, 10, 140, 77, 205, 15, 17, 215, 153, 154, 91, 220, 222, 31, 36, 40, 44, 47, 48, 54, 182, 55, 56, 185, 127, 191]
r7_l: [0, 128, 130, 3, 4, 132, 5, 6, 135, 8, 138, 11, 12, 13, 142, 144, 19, 20, 21, 150, 23, 24, 152, 26, 27, 155, 158, 33, 161, 34, 163, 164, 38, 166, 39, 167, 40, 42, 170, 43, 45, 46, 175, 176, 51, 181, 54, 184, 57, 186, 60, 188, 190, 63, 193, 67, 195, 70, 198, 199, 72, 200, 74, 75, 204, 205, 207, 209, 82, 212, 85, 213, 86, 214, 87, 90, 218, 91, 219, 96, 97, 99, 101, 103, 106, 107, 108, 110, 111, 112, 113, 114, 115, 119, 124]
r7_r: [194, 131, 196, 197, 71, 137, 10, 140, 78, 15, 79, 143, 210, 83, 148, 149, 215, 153, 156, 93, 94, 222, 160, 162, 35, 168, 105, 48, 49, 50, 117, 182, 56, 120, 123, 127]
